Node	Degree	Cluster_Coeff	Closeness	Betweenness	Eigenvector_centrality	Eccentricity	Average_neighbor_degree
A13	3	1.000000	0.063388	0.000000	0.000047	33	8.000000
A14	6	0.600000	0.065167	0.000950	0.000102	33	8.000000
A15	8	0.428571	0.065186	0.001694	0.000129	33	7.625000
A16	6	0.466667	0.068335	0.008860	0.000084	32	7.500000
A17	5	0.500000	0.068286	0.003318	0.000053	32	6.400000
A18	6	0.400000	0.071959	0.032083	0.000075	31	6.000000
A19	3	1.000000	0.071178	0.000000	0.000051	31	7.000000
A20	7	0.476190	0.072332	0.004600	0.000172	31	7.000000
A21	8	0.392857	0.075980	0.041018	0.000223	30	6.375000
A22	5	0.500000	0.075008	0.002872	0.000122	30	6.400000
A23	3	0.666667	0.074408	0.000476	0.000067	30	5.666667
A24	4	0.333333	0.078236	0.012755	0.000272	29	4.500000
A25	3	0.666667	0.077565	0.000018	0.000436	29	5.666667
A26	7	0.523810	0.083552	0.021495	0.001892	28	7.142857
A27	6	0.666667	0.083510	0.003503	0.001865	28	7.833333
A28	7	0.666667	0.087485	0.012207	0.003139	27	8.857142
A29	9	0.444444	0.092942	0.055533	0.004297	26	8.444445
A30	8	0.535714	0.091707	0.035775	0.005249	26	8.125000
A31	10	0.511111	0.097479	0.169022	0.008412	25	8.100000
A32	6	0.733333	0.095015	0.006592	0.006049	25	8.333333
A33	6	0.666667	0.095082	0.009313	0.005817	25	8.000000
A34	9	0.333333	0.096648	0.038831	0.007544	25	7.444445
A35	8	0.392857	0.093358	0.028145	0.006157	26	9.000000
A36	7	0.523810	0.091381	0.018868	0.005500	26	8.857142
A37	7	0.571429	0.090491	0.013879	0.002881	26	7.428571
A38	6	0.533333	0.089558	0.023879	0.001813	26	7.000000
A39	4	0.333333	0.092826	0.041916	0.004138	25	6.250000
A40	4	0.333333	0.086917	0.016972	0.000714	26	4.250000
A41	3	0.666667	0.080149	0.001266	0.000173	27	3.666667
A42	4	0.500000	0.080322	0.004234	0.000475	27	3.750000
A43	3	0.666667	0.078072	0.000094	0.000406	27	4.000000
A44	5	0.300000	0.082399	0.008704	0.003101	26	6.000000
A45	8	0.607143	0.082379	0.001073	0.007831	26	7.375000
A46	6	0.800000	0.082288	0.000017	0.007100	26	8.500000
A47	7	0.428571	0.087348	0.016516	0.012622	25	7.857143
A48	7	0.619048	0.092557	0.018304	0.026707	24	9.142858
A49	7	0.571429	0.094332	0.013758	0.027985	24	8.571428
A50	6	0.733333	0.094133	0.000539	0.030967	24	9.000000
A51	8	0.357143	0.097055	0.050809	0.032829	24	7.375000
A52	6	0.733333	0.098223	0.002551	0.022337	24	8.166667
A53	7	0.619048	0.098527	0.006419	0.018405	24	7.857143
A54	7	0.714286	0.095681	0.003629	0.011975	25	8.857142
A55	10	0.444444	0.097579	0.031856	0.015094	25	8.100000
A56	10	0.377778	0.097707	0.075794	0.012736	25	8.400000
A57	7	0.380952	0.101826	0.216643	0.020286	24	9.000000
A58	9	0.444444	0.101951	0.384035	0.020275	24	8.222222
A59	8	0.571429	0.095462	0.034357	0.008603	25	7.625000
A60	7	0.619048	0.097041	0.214705	0.008078	25	8.714286
A61	8	0.607143	0.092174	0.050132	0.005331	26	8.875000
A62	11	0.454545	0.094133	0.278551	0.006493	26	9.000000
A63	11	0.472727	0.089391	0.077556	0.004995	27	8.727273
A64	10	0.488889	0.089570	0.074570	0.004130	27	8.900000
A65	9	0.416667	0.085375	0.110357	0.002645	28	8.888889
A66	8	0.500000	0.081357	0.044358	0.001223	29	9.125000
A67	8	0.500000	0.081278	0.021100	0.000801	29	9.000000
A68	9	0.416667	0.076958	0.051117	0.000581	30	8.222222
A71	6	0.733333	0.071982	0.012569	0.000167	31	8.333333
A72	7	0.619048	0.071889	0.018207	0.000137	31	6.714286
A73	4	1.000000	0.067344	0.000000	0.000041	32	6.750000
A74	4	1.000000	0.067344	0.000000	0.000041	32	6.750000
A75	9	0.388889	0.067995	0.043384	0.000085	32	5.777778
A76	7	0.619048	0.071383	0.008215	0.000118	31	6.857143
A77	8	0.535714	0.072505	0.025757	0.000232	31	8.000000
A78	10	0.400000	0.076475	0.028431	0.000390	30	7.500000
A79	9	0.444444	0.077047	0.022536	0.000498	30	8.000000
A80	8	0.357143	0.081199	0.083951	0.000685	29	7.875000
A81	6	0.400000	0.076985	0.012026	0.000296	30	7.666667
A82	5	0.600000	0.079795	0.005205	0.000258	29	7.400000
A83	6	0.600000	0.079359	0.002878	0.000338	29	8.166667
A84	7	0.571429	0.084140	0.026322	0.000536	28	8.142858
A85	6	0.666667	0.083344	0.000663	0.000581	28	8.333333
A86	9	0.388889	0.089093	0.348027	0.001734	27	7.777778
A87	5	0.600000	0.087325	0.029958	0.000973	27	7.200000
A88	4	0.666667	0.092621	0.119257	0.001933	26	8.500000
A89	9	0.361111	0.093266	0.213679	0.004131	26	8.333333
A90	10	0.422222	0.094066	0.160216	0.005750	26	9.400000
A91	11	0.381818	0.093803	0.045424	0.006729	26	9.181818
A92	9	0.472222	0.088469	0.009175	0.004700	27	9.555555
A93	9	0.416667	0.088715	0.023538	0.003817	27	9.444445
A94	9	0.444444	0.085813	0.063924	0.002451	28	9.666667
A95	9	0.444444	0.081189	0.015405	0.001636	29	9.777778
A96	11	0.345455	0.082036	0.113029	0.001293	29	9.090909
A97	8	0.535714	0.077225	0.005968	0.000621	30	9.000000
A98	9	0.416667	0.076958	0.024646	0.000403	30	7.111111
A99	8	0.428571	0.077207	0.029501	0.000384	30	7.500000
A100	10	0.377778	0.078163	0.087331	0.000633	30	8.600000
A101	6	0.533333	0.073638	0.003959	0.000277	31	9.000000
A102	8	0.464286	0.074013	0.023293	0.000351	31	9.375000
A103	8	0.464286	0.075954	0.011492	0.000361	30	9.250000
A104	10	0.466667	0.080197	0.077767	0.000571	29	9.700000
A105	9	0.527778	0.079919	0.018364	0.000569	29	10.111111
A106	10	0.444444	0.079624	0.022973	0.000640	29	10.000000
A107	13	0.307692	0.079115	0.073814	0.000671	29	8.230769
A108	8	0.464286	0.078420	0.036189	0.000358	29	7.750000
A109	5	0.600000	0.073719	0.002981	0.000186	30	8.600000
A110	6	0.400000	0.074391	0.032262	0.000238	30	9.000000
A111	8	0.392857	0.070170	0.003230	0.000201	31	7.500000
A112	7	0.571429	0.070082	0.001242	0.000208	31	8.571428
A113	3	1.000000	0.069334	0.000000	0.000071	31	7.666667
A114	8	0.357143	0.073996	0.012760	0.000251	30	7.625000
A115	8	0.428571	0.074499	0.020068	0.000350	30	9.875000
A116	11	0.345455	0.075202	0.026669	0.000555	30	10.000000
A117	9	0.500000	0.075143	0.009884	0.000552	30	10.777778
A118	10	0.466667	0.075627	0.013021	0.000576	30	10.100000
A119	10	0.444444	0.075287	0.018351	0.000505	30	9.800000
A120	10	0.444444	0.075859	0.046576	0.000426	30	9.500000
A121	11	0.418182	0.071990	0.024120	0.000330	31	8.727273
A122	7	0.619048	0.070711	0.007336	0.000193	31	9.000000
A123	6	0.666667	0.067284	0.000381	0.000116	32	8.166667
A124	5	0.700000	0.066172	0.000010	0.000082	32	7.600000
A125	10	0.511111	0.067528	0.001393	0.000202	32	7.600000
A126	11	0.454545	0.071049	0.016301	0.000277	31	8.272727
A127	10	0.488889	0.071163	0.006026	0.000353	31	9.200000
A128	10	0.444444	0.071604	0.011188	0.000423	31	9.200000
A129	11	0.436364	0.071231	0.005091	0.000508	31	9.181818
A130	11	0.418182	0.075177	0.030325	0.000574	30	9.181818
A131	12	0.409091	0.071102	0.013505	0.000500	31	9.000000
A132	11	0.454545	0.070607	0.008221	0.000388	31	8.818182
A133	12	0.393939	0.070884	0.021199	0.000393	31	8.833333
A134	10	0.444444	0.067304	0.004415	0.000273	32	9.000000
A135	9	0.416667	0.070997	0.028512	0.000233	31	9.000000
A136	10	0.422222	0.067822	0.004989	0.000224	32	8.900000
A137	5	0.500000	0.067596	0.001418	0.000088	32	7.600000
A138	7	0.380952	0.069104	0.006586	0.000113	32	7.000000
A139	7	0.476190	0.071597	0.010851	0.000192	31	9.428572
A140	10	0.444444	0.072371	0.015632	0.000328	31	10.000000
A141	12	0.439394	0.072324	0.048145	0.000372	31	9.666667
A142	10	0.488889	0.069673	0.009018	0.000277	32	9.900000
A143	10	0.488889	0.069528	0.012639	0.000237	32	9.200000
A144	7	0.428571	0.065486	0.006723	0.000108	33	8.000000
A146	6	0.533333	0.065268	0.010252	0.000079	33	7.666667
A147	4	0.500000	0.061500	0.000719	0.000023	34	5.250000
A148	4	0.500000	0.061416	0.000330	0.000016	34	4.750000
A149	4	0.500000	0.060043	0.000051	0.000012	34	4.250000
A150	5	0.300000	0.063720	0.002942	0.000035	33	5.200000
A151	4	0.500000	0.063666	0.004176	0.000041	33	6.000000
A152	7	0.476190	0.067788	0.013721	0.000144	32	8.000000
A153	8	0.500000	0.067919	0.007560	0.000188	32	8.875000
A154	7	0.619048	0.068071	0.002820	0.000186	32	9.714286
A155	8	0.535714	0.064476	0.000765	0.000178	33	9.000000
A156	13	0.346154	0.068342	0.013025	0.000302	32	8.615385
A157	10	0.466667	0.068168	0.008579	0.000269	32	9.600000
A158	10	0.488889	0.067726	0.009321	0.000264	32	9.500000
A159	10	0.422222	0.067317	0.008504	0.000205	32	8.000000
A160	6	0.600000	0.066947	0.001245	0.000175	32	9.333333
A161	7	0.666667	0.067007	0.000682	0.000237	32	9.142858
A162	7	0.666667	0.066880	0.000822	0.000245	32	9.000000
A163	6	0.733333	0.066574	0.000062	0.000213	32	8.666667
A164	9	0.527778	0.070488	0.003415	0.000358	31	8.666667
A165	6	0.666667	0.070236	0.000846	0.000246	31	8.666667
A166	7	0.571429	0.074144	0.017829	0.000341	30	8.428572
A167	7	0.666667	0.070696	0.000473	0.000289	31	8.571428
A168	6	0.600000	0.070599	0.001697	0.000226	31	8.500000
A169	6	0.600000	0.067001	0.000750	0.000171	32	8.666667
A170	5	0.800000	0.066402	0.000017	0.000097	32	8.400000
A171	6	0.666667	0.066860	0.000199	0.000100	32	7.833333
A172	9	0.500000	0.067460	0.001711	0.000147	32	7.111111
A173	7	0.428571	0.068877	0.005039	0.000118	32	7.285714
A174	3	0.666667	0.067974	0.000461	0.000038	32	7.000000
A175	5	0.400000	0.072317	0.015047	0.000084	31	5.800000
A176	5	0.700000	0.071966	0.000288	0.000116	31	6.600000
A177	6	0.600000	0.071982	0.000869	0.000123	31	6.166667
A178	5	0.600000	0.071612	0.001360	0.000081	31	5.800000
A179	5	0.500000	0.071612	0.003275	0.000072	31	5.400000
A180	4	0.500000	0.067331	0.000164	0.000031	32	4.250000
A181	3	0.666667	0.067317	0.000054	0.000023	32	4.333333
A182	4	0.333333	0.071132	0.010275	0.000108	31	5.750000
A183	6	0.600000	0.074857	0.004619	0.000246	30	6.666667
A184	10	0.311111	0.076475	0.020957	0.000699	30	7.300000
A185	8	0.535714	0.075491	0.001423	0.000597	30	7.625000
A186	9	0.472222	0.079548	0.008901	0.001088	29	8.555555
A187	10	0.466667	0.080235	0.006498	0.001546	29	8.000000
A188	9	0.472222	0.083552	0.015527	0.001954	28	8.555555
A189	9	0.444444	0.083992	0.012843	0.002752	28	9.000000
A190	9	0.444444	0.087726	0.006254	0.003843	27	9.555555
A191	9	0.500000	0.087784	0.006200	0.004174	27	10.000000
A192	10	0.444444	0.087669	0.014405	0.004264	27	9.700000
A193	9	0.472222	0.087121	0.034492	0.003224	27	9.444445
A194	9	0.500000	0.086782	0.055387	0.002275	27	8.666667
A195	6	0.733333	0.080856	0.000133	0.001200	28	8.666667
A196	4	1.000000	0.080505	0.000000	0.000675	28	8.500000
A197	8	0.607143	0.081496	0.012564	0.001126	28	7.750000
A198	11	0.490909	0.081845	0.016190	0.001637	28	7.545455
A199	11	0.490909	0.082420	0.041818	0.002149	28	8.545455
A200	10	0.466667	0.082136	0.012083	0.002615	28	9.100000
A201	11	0.418182	0.082715	0.014005	0.003231	28	8.727273
A202	10	0.466667	0.084098	0.011506	0.003434	28	9.300000
A203	11	0.418182	0.084812	0.016923	0.003395	28	8.727273
A204	8	0.428571	0.084374	0.028196	0.002252	28	9.000000
A205	7	0.571429	0.079766	0.005501	0.001475	29	8.571428
A206	7	0.619048	0.080053	0.007613	0.001040	29	8.000000
A207	6	0.733333	0.075876	0.000633	0.000687	30	8.000000
A208	7	0.571429	0.075739	0.001488	0.000606	30	7.571429
A209	5	0.800000	0.075000	0.000032	0.000272	30	7.800000
A210	8	0.464286	0.079200	0.019220	0.000369	29	6.500000
A211	5	0.600000	0.078808	0.008493	0.000225	29	7.000000
A212	4	0.666667	0.081765	0.003799	0.000204	28	6.250000
A213	7	0.333333	0.084087	0.055610	0.000565	28	6.142857
A214	5	0.500000	0.086883	0.013670	0.000721	27	6.200000
A215	6	0.400000	0.087121	0.038189	0.001241	27	6.333333
A216	5	0.500000	0.082409	0.018014	0.000352	28	5.200000
A217	4	0.500000	0.081268	0.001497	0.000285	28	4.750000
A218	4	0.500000	0.085692	0.017641	0.000444	27	4.750000
A219	4	0.500000	0.084963	0.002623	0.000594	27	4.750000
A220	6	0.266667	0.090405	0.040414	0.002875	26	5.833333
A221	5	0.300000	0.090810	0.015393	0.001886	26	7.400000
A222	7	0.571429	0.086557	0.001430	0.002661	27	7.571429
A223	11	0.363636	0.088189	0.057177	0.003754	27	7.727273
A224	9	0.472222	0.086951	0.019368	0.002602	27	8.111111
A225	7	0.666667	0.083323	0.008061	0.002109	28	9.142858
A226	6	0.733333	0.082349	0.001520	0.001743	28	9.000000
A227	6	0.533333	0.078752	0.002842	0.001333	29	8.000000
A228	7	0.666667	0.077216	0.000569	0.001422	29	9.000000
A229	7	0.666667	0.077764	0.004920	0.001200	29	8.714286
A230	7	0.714286	0.077252	0.000369	0.000976	29	8.285714
A231	9	0.388889	0.078503	0.060703	0.000953	29	8.000000
A232	5	0.700000	0.077386	0.001441	0.000537	29	8.000000
A233	5	0.200000	0.074267	0.005343	0.000267	30	6.800000
A234	5	0.700000	0.077936	0.001461	0.000248	29	8.200000
A235	7	0.571429	0.078540	0.003810	0.000380	29	8.428572
A236	8	0.500000	0.083013	0.069495	0.000613	28	7.875000
A237	10	0.444444	0.083940	0.054517	0.000719	28	8.500000
A238	11	0.418182	0.084662	0.210288	0.000791	28	8.909091
A239	10	0.422222	0.080331	0.040350	0.000528	29	8.300000
A240	8	0.428571	0.080622	0.065220	0.000427	29	9.250000
A241	11	0.345455	0.076231	0.066837	0.000451	30	8.909091
A242	9	0.472222	0.076773	0.048172	0.000380	30	9.555555
A243	10	0.488889	0.074054	0.055050	0.000382	31	10.200000
A244	11	0.436364	0.072075	0.027987	0.000291	31	9.000000
A245	11	0.436364	0.069557	0.034460	0.000210	32	8.090909
A246	10	0.422222	0.067596	0.014636	0.000135	32	7.600000
A247	8	0.392857	0.065262	0.012726	0.000068	33	6.500000
A248	4	0.500000	0.063460	0.001616	0.000024	33	6.500000
A249	4	0.500000	0.061557	0.000957	0.000012	34	5.250000
A250	4	0.500000	0.061007	0.000348	0.000007	34	4.500000
A251	5	0.500000	0.064068	0.007221	0.000015	33	5.600000
A252	5	0.500000	0.063897	0.006015	0.000015	33	5.800000
A253	6	0.466667	0.064234	0.010990	0.000018	33	5.833333
A254	5	0.600000	0.061023	0.000355	0.000010	34	5.200000
A255	4	0.833333	0.061012	0.000065	0.000009	34	5.500000
A256	4	0.666667	0.061404	0.000223	0.000013	34	6.000000
A257	7	0.428571	0.063642	0.005460	0.000037	33	6.142857
A258	6	0.733333	0.067508	0.004582	0.000092	32	8.833333
A259	6	0.733333	0.069012	0.007205	0.000105	32	8.500000
A260	5	0.400000	0.073003	0.036761	0.000171	31	8.200000
A261	6	0.533333	0.077163	0.013918	0.000405	30	8.333333
A262	7	0.428571	0.077065	0.030485	0.000565	30	8.285714
A263	11	0.381818	0.082046	0.096769	0.001352	29	8.636364
A264	10	0.377778	0.086012	0.116512	0.002111	28	9.200000
A265	9	0.444444	0.085802	0.079697	0.002628	28	9.555555
A266	11	0.418182	0.090332	0.200269	0.004915	27	9.545455
A267	9	0.500000	0.089212	0.005368	0.005295	27	9.888889
A268	9	0.500000	0.093632	0.025835	0.006157	26	10.111111
A269	8	0.464286	0.094265	0.037112	0.006998	26	9.625000
A270	11	0.363636	0.098339	0.501493	0.011025	25	8.545455
A271	8	0.571429	0.097224	0.027653	0.012842	25	8.625000
A272	8	0.607143	0.101272	0.437125	0.017530	24	8.125000
A273	8	0.571429	0.098571	0.011932	0.023029	24	8.000000
A274	8	0.500000	0.104629	0.450701	0.047287	23	8.500000
A275	10	0.422222	0.101842	0.025413	0.067335	23	8.600000
A276	11	0.400000	0.101134	0.098167	0.084920	23	8.454545
A277	11	0.400000	0.094159	0.033586	0.046389	24	8.000000
A278	10	0.444444	0.090125	0.008907	0.024176	25	7.900000
A279	12	0.424242	0.089450	0.027457	0.019740	25	7.750000
A280	10	0.533333	0.085353	0.007890	0.011799	26	7.500000
A281	6	0.866667	0.082237	0.000423	0.006296	26	8.166667
A282	5	0.800000	0.078752	0.000006	0.004395	27	7.600000
A283	8	0.607143	0.082349	0.000922	0.007318	26	7.250000
A284	6	0.666667	0.084705	0.002811	0.007365	26	8.166667
A285	7	0.666667	0.089331	0.003711	0.014530	25	8.714286
A286	7	0.523810	0.087945	0.027064	0.010281	26	8.000000
A287	5	0.700000	0.089883	0.001751	0.014523	25	8.200000
A288	6	0.533333	0.095873	0.012337	0.038828	24	9.166667
A289	7	0.619048	0.100571	0.019230	0.078968	23	10.142858
A290	11	0.327273	0.104991	0.631825	0.109835	23	8.636364
A291	10	0.444444	0.107591	0.527535	0.145676	22	9.500000
A292	7	0.571429	0.105704	0.128348	0.130743	22	9.714286
A293	8	0.500000	0.105737	0.178066	0.143902	22	9.250000
A294	8	0.500000	0.102388	0.001474	0.177116	22	8.750000
A295	7	0.523810	0.107695	0.079387	0.253530	21	10.428572
A296	7	0.571429	0.102466	0.030815	0.202589	22	9.428572
A297	12	0.424242	0.106309	0.296352	0.236756	22	8.833333
A298	11	0.454545	0.108940	0.616908	0.267217	21	8.818182
A299	10	0.488889	0.107799	0.177341	0.319321	21	9.300000
A300	10	0.488889	0.101904	0.015881	0.179734	22	7.800000
A301	10	0.466667	0.104352	0.098280	0.179216	22	8.800000
A302	7	0.666667	0.104499	0.025163	0.173220	21	8.714286
A303	6	0.800000	0.099925	0.001233	0.107487	22	8.000000
A304	5	0.900000	0.099052	0.000424	0.076306	22	7.800000
A305	6	0.533333	0.095462	0.017159	0.065482	23	6.666667
A306	4	0.500000	0.093318	0.005944	0.033318	23	6.500000
A307	5	0.500000	0.088527	0.013508	0.029058	24	6.000000
A308	5	0.600000	0.090271	0.002104	0.033610	23	6.600000
A309	7	0.476190	0.089319	0.005153	0.084658	23	7.000000
A310	5	0.800000	0.091194	0.000325	0.114580	22	8.600000
A311	8	0.428571	0.093163	0.008017	0.254588	22	8.125000
A312	8	0.535714	0.099524	0.092441	0.422963	21	9.500000
A313	7	0.666667	0.100920	0.007532	0.418050	21	9.571428
A314	7	0.666667	0.105271	0.019709	0.438541	20	9.571428
A315	9	0.416667	0.109888	0.715103	0.471428	20	9.444445
A316	6	0.600000	0.109207	0.348725	0.281204	19	8.500000
A317	7	0.571429	0.104810	0.047132	0.229005	19	7.428571
A318	8	0.500000	0.108622	0.872848	0.234556	18	7.375000
A319	5	0.600000	0.102560	0.011492	0.068182	18	7.000000
A320	8	0.321429	0.107109	1.000000	0.056854	17	6.750000
A321	5	0.500000	0.100768	0.015446	0.017251	18	7.400000
A322	8	0.464286	0.104287	0.949556	0.013892	18	8.000000
A323	6	0.600000	0.095517	0.007501	0.007271	19	8.000000
A324	6	0.733333	0.098484	0.017818	0.005858	19	9.166667
A325	7	0.619048	0.093266	0.010341	0.005496	20	9.285714
A326	11	0.363636	0.096052	0.056253	0.006032	20	8.272727
A327	9	0.472222	0.090823	0.016265	0.003745	21	9.000000
A328	11	0.363636	0.093253	0.040778	0.003258	21	8.636364
A329	9	0.388889	0.087957	0.015539	0.001922	22	7.888889
A330	6	0.533333	0.086479	0.011803	0.000900	22	7.333333
A331	5	0.500000	0.082146	0.005905	0.000455	23	6.200000
A332	4	0.500000	0.082972	0.006247	0.000191	23	5.500000
A333	5	0.500000	0.079416	0.003183	0.000190	24	6.600000
A334	6	0.600000	0.080302	0.003856	0.000221	24	7.166667
A335	7	0.619048	0.080399	0.001453	0.000292	24	8.142858
A336	7	0.523810	0.080177	0.005592	0.000255	24	7.714286
A337	4	0.666667	0.075833	0.000666	0.000045	25	6.750000
A338	6	0.466667	0.080399	0.048137	0.000104	24	7.000000
A339	7	0.476190	0.076747	0.008763	0.000030	25	5.857143
A340	7	0.619048	0.076466	0.013796	0.000027	25	5.714286
A341	6	0.733333	0.076457	0.012628	0.000023	25	6.166667
A342	5	0.900000	0.072215	0.000055	0.000013	26	6.400000
A343	6	0.666667	0.073195	0.008931	0.000017	26	5.833333
A344	6	0.533333	0.073051	0.012585	0.000019	26	5.166667
A345	4	0.500000	0.070273	0.010047	0.000047	27	5.250000
A346	3	0.666667	0.070170	0.003156	0.000046	27	5.333333
A347	6	0.466667	0.068154	0.015109	0.000356	28	7.833333
A348	9	0.555556	0.072083	0.011850	0.000677	27	9.333333
A349	10	0.444444	0.068559	0.042155	0.000612	28	9.200000
A350	11	0.400000	0.068700	0.034140	0.000704	28	10.000000
A351	11	0.363636	0.068566	0.101836	0.000464	28	9.454545
A352	9	0.472222	0.068237	0.067274	0.000456	28	8.555555
A353	10	0.466667	0.072145	0.183339	0.000692	27	9.400000
A354	7	0.523810	0.071643	0.051557	0.000538	27	8.857142
A355	8	0.571429	0.075516	0.177350	0.000685	26	9.000000
A356	7	0.619048	0.074924	0.025419	0.000571	26	8.428572
A357	7	0.619048	0.079237	0.065422	0.000590	25	8.857142
A358	6	0.666667	0.078383	0.011358	0.000511	25	9.000000
A359	8	0.464286	0.082930	0.045885	0.000632	24	8.625000
A360	4	1.000000	0.081476	0.000000	0.000334	24	9.750000
A361	9	0.472222	0.081875	0.010342	0.000524	24	8.444445
A362	11	0.436364	0.085364	0.015796	0.000595	23	8.363636
A363	11	0.381818	0.085692	0.087174	0.000580	23	8.454545
A364	8	0.464286	0.080312	0.017736	0.000330	24	8.250000
A365	6	0.400000	0.080583	0.040865	0.000152	24	7.666667
A366	6	0.600000	0.075868	0.015117	0.000071	25	6.333333
A367	7	0.523810	0.076641	0.016273	0.000050	25	6.142857
A368	6	0.733333	0.076213	0.013206	0.000047	25	6.166667
A369	5	0.900000	0.072153	0.000284	0.000032	26	6.400000
A370	6	0.666667	0.072442	0.008849	0.000042	26	6.000000
A371	7	0.476190	0.073083	0.021891	0.000087	26	6.000000
A372	5	0.600000	0.069593	0.006050	0.000100	27	6.400000
A373	5	0.700000	0.069470	0.001033	0.000138	27	6.600000
A374	6	0.533333	0.066994	0.003628	0.000265	28	7.000000
A375	8	0.464286	0.070428	0.011797	0.000393	27	7.500000
A376	7	0.523810	0.070192	0.001848	0.000429	27	8.000000
A377	7	0.619048	0.073882	0.010313	0.000552	26	9.142858
A378	6	0.733333	0.073882	0.000793	0.000454	26	9.333333
A379	10	0.444444	0.078227	0.030864	0.000533	25	7.800000
A380	9	0.472222	0.078310	0.020803	0.000423	25	7.888889
A381	5	0.800000	0.077511	0.000063	0.000203	25	8.200000
A382	7	0.619048	0.077610	0.000873	0.000300	25	8.000000
A383	7	0.523810	0.082086	0.040727	0.000211	24	6.857143
A384	6	0.533333	0.081506	0.025962	0.000170	24	6.833333
A385	4	0.833333	0.080680	0.000072	0.000088	24	6.500000
A386	7	0.523810	0.086178	0.061609	0.000229	23	6.571429
A387	6	0.600000	0.085517	0.017700	0.000208	23	6.666667
A388	8	0.428571	0.085266	0.026465	0.000330	23	7.375000
A389	6	0.666667	0.085223	0.000815	0.000351	23	8.166667
A390	9	0.416667	0.091468	0.223219	0.000754	22	8.444445
A391	9	0.416667	0.091531	0.251671	0.001096	22	9.444445
A392	13	0.397436	0.087772	0.540089	0.001218	23	9.384615
A393	11	0.472727	0.087520	0.094785	0.000934	23	8.909091
A394	10	0.488889	0.083354	0.078551	0.000948	24	9.900000
A395	11	0.418182	0.083698	0.281448	0.001001	24	9.272727
A396	11	0.454545	0.079425	0.121590	0.000977	25	8.818182
A397	11	0.472727	0.079795	0.199457	0.001078	25	9.363636
A398	9	0.555556	0.075448	0.013884	0.000897	26	9.555555
A399	10	0.444444	0.075936	0.059951	0.000991	26	9.800000
A400	11	0.436364	0.072254	0.038729	0.000999	27	9.818182
A401	10	0.466667	0.068615	0.012008	0.000908	28	10.400000
A402	9	0.472222	0.068405	0.019678	0.000765	28	10.555555
A403	9	0.583333	0.064575	0.006136	0.000550	29	9.555555
A404	10	0.511111	0.064588	0.011368	0.000565	29	9.100000
A405	7	0.571429	0.061018	0.001501	0.000251	30	7.714286
A406	7	0.523810	0.064420	0.004637	0.000269	29	7.857143
A407	6	0.600000	0.061202	0.001574	0.000145	30	7.000000
A408	6	0.600000	0.063769	0.002517	0.000096	29	6.500000
A409	8	0.357143	0.064044	0.005443	0.000115	29	6.875000
A410	4	0.833333	0.063521	0.000569	0.000045	29	6.750000
A411	7	0.380952	0.066907	0.018935	0.000062	28	6.428571
A412	7	0.523810	0.070570	0.029283	0.000076	27	6.857143
A413	5	0.500000	0.066587	0.006057	0.000038	28	6.400000
A414	6	0.466667	0.067074	0.007152	0.000063	28	7.333333
A415	6	0.533333	0.063557	0.003138	0.000081	29	7.666667
A416	5	0.900000	0.060538	0.000004	0.000088	30	8.800000
A417	9	0.527778	0.061427	0.002409	0.000174	30	8.666667
A418	8	0.607143	0.064191	0.002713	0.000175	29	9.375000
A419	11	0.454545	0.064247	0.006983	0.000209	29	8.636364
A420	10	0.488889	0.064136	0.003902	0.000177	29	8.400000
A421	10	0.400000	0.064327	0.019164	0.000198	29	8.900000
A422	11	0.454545	0.065065	0.012783	0.000337	29	10.090909
A423	11	0.345455	0.068085	0.036688	0.000323	28	9.545455
A424	11	0.400000	0.067480	0.031379	0.000201	28	8.636364
A425	9	0.388889	0.071208	0.077421	0.000141	27	7.888889
A426	7	0.523810	0.070667	0.032646	0.000098	27	7.428571
A427	6	0.600000	0.070428	0.007216	0.000073	27	6.666667
A428	4	0.666667	0.073947	0.015272	0.000088	26	7.250000
A429	8	0.428571	0.074824	0.150745	0.000231	26	7.625000
A430	8	0.392857	0.078697	0.089388	0.000408	25	7.750000
A431	11	0.400000	0.079294	0.089719	0.000823	25	9.181818
A432	9	0.555556	0.074590	0.002664	0.000750	26	9.444445
A433	11	0.490909	0.075076	0.028212	0.001044	26	9.727273
A434	10	0.466667	0.071299	0.005666	0.000890	27	9.200000
A435	11	0.436364	0.071543	0.029154	0.001002	27	9.545455
A436	9	0.500000	0.067788	0.006055	0.000725	28	9.222222
A437	8	0.535714	0.067871	0.008392	0.000662	28	10.000000
A438	9	0.500000	0.067644	0.019767	0.000617	28	8.888889
A439	8	0.535714	0.064321	0.001119	0.000430	29	8.875000
A440	5	0.900000	0.063739	0.000035	0.000219	29	8.200000
A441	5	0.900000	0.063739	0.000035	0.000219	29	8.200000
A442	8	0.571429	0.064302	0.005442	0.000371	29	8.875000
A443	11	0.400000	0.064284	0.022146	0.000385	29	8.363636
A444	8	0.642857	0.060813	0.002723	0.000221	30	8.750000
A445	6	0.666667	0.060510	0.000640	0.000139	30	8.166667
A446	5	0.900000	0.057742	0.000024	0.000109	31	8.600000
A447	8	0.607143	0.060846	0.001089	0.000175	30	8.125000
A448	10	0.466667	0.061129	0.003942	0.000226	30	8.100000
A449	7	0.571429	0.061196	0.000907	0.000125	30	7.571429
A450	5	0.600000	0.061258	0.000588	0.000099	30	8.200000
A451	6	0.600000	0.064569	0.012896	0.000154	29	8.000000
A452	9	0.416667	0.064945	0.023978	0.000242	29	8.222222
A453	9	0.472222	0.064945	0.019828	0.000276	29	9.333333
A454	10	0.400000	0.064832	0.073163	0.000217	29	8.700000
A455	7	0.571429	0.061483	0.001585	0.000120	30	8.285714
A456	4	0.666667	0.061051	0.000160	0.000051	30	8.250000
A457	6	0.200000	0.060879	0.011866	0.000044	30	6.500000
A458	2	1.000000	0.057440	0.000000	0.000007	31	5.000000
A459	4	0.333333	0.060330	0.005303	0.000024	30	5.250000
A460	5	0.500000	0.060543	0.000352	0.000064	30	7.600000
A461	8	0.428571	0.063726	0.013845	0.000108	29	7.625000
A462	6	0.666667	0.063497	0.002466	0.000082	29	7.666667
A463	7	0.619048	0.066967	0.013949	0.000099	28	8.000000
A464	7	0.619048	0.067406	0.002972	0.000137	28	8.571428
A465	8	0.500000	0.064339	0.002245	0.000149	29	8.000000
A466	8	0.428571	0.068175	0.021397	0.000268	28	8.375000
A467	6	0.466667	0.064488	0.011763	0.000159	29	7.500000
A468	5	0.500000	0.064376	0.062174	0.000101	29	6.200000
A469	4	0.500000	0.060846	0.013106	0.000032	30	5.000000
A470	4	0.500000	0.060862	0.047132	0.000019	30	6.250000
A471	5	0.400000	0.057817	0.012406	0.000013	31	6.800000
A472	11	0.363636	0.058083	0.048838	0.000031	31	7.454545
A473	9	0.444444	0.058209	0.017631	0.000032	31	8.111111
A474	9	0.444444	0.055162	0.022890	0.000016	32	7.777778
A475	6	0.733333	0.055089	0.003072	0.000012	32	8.333333
A476	5	0.400000	0.052315	0.005905	0.000004	33	5.800000
A477	3	0.666667	0.049747	0.000006	0.000001	34	4.666667
A478	4	0.500000	0.049780	0.000040	0.000002	34	5.000000
A479	5	0.400000	0.052319	0.004021	0.000003	33	5.400000
A480	7	0.333333	0.052356	0.004999	0.000006	33	6.285714
A481	4	0.666667	0.052172	0.000036	0.000003	33	6.000000
A482	6	0.466667	0.054976	0.010743	0.000008	32	6.666667
A483	6	0.466667	0.054962	0.003382	0.000008	32	6.833333
A484	7	0.523810	0.055203	0.000500	0.000015	32	7.857143
A485	6	0.533333	0.054895	0.000798	0.000009	32	7.166667
A486	3	1.000000	0.052302	0.000000	0.000004	33	7.666667
A487	7	0.571429	0.054904	0.001959	0.000010	32	7.000000
A488	10	0.444444	0.055162	0.008777	0.000018	32	7.500000
A489	10	0.511111	0.058007	0.027222	0.000029	31	8.100000
A490	6	0.600000	0.058235	0.005904	0.000037	31	9.166667
A491	10	0.377778	0.061382	0.064536	0.000093	30	7.900000
A492	8	0.535714	0.061551	0.013273	0.000141	30	8.500000
A493	8	0.571429	0.061670	0.009928	0.000155	30	8.750000
A494	9	0.472222	0.061534	0.003578	0.000165	30	7.444445
A495	8	0.464286	0.061653	0.009583	0.000175	30	8.375000
A496	7	0.619048	0.061180	0.001951	0.000162	30	9.142858
A497	11	0.381818	0.064575	0.034139	0.000392	29	9.272727
A498	11	0.454545	0.060890	0.003299	0.000243	30	7.545455
A499	6	0.533333	0.060774	0.000739	0.000156	30	8.333333
A500	4	0.666667	0.057687	0.000061	0.000084	31	7.500000
A501	7	0.476190	0.060857	0.003359	0.000196	30	7.428571
A502	6	0.666667	0.060774	0.002857	0.000185	30	7.166667
A503	5	0.900000	0.060768	0.000009	0.000177	30	8.000000
A504	7	0.666667	0.060990	0.000410	0.000291	30	8.142858
A505	9	0.555556	0.064160	0.003970	0.000402	29	8.444445
A506	11	0.400000	0.064582	0.026884	0.000560	29	8.909091
A507	14	0.351648	0.068265	0.085224	0.000945	28	9.714286
A508	12	0.439394	0.068258	0.049537	0.001038	28	10.166667
A509	11	0.490909	0.071943	0.121633	0.001092	27	10.454545
A510	11	0.436364	0.071959	0.042993	0.001200	27	10.636364
A511	11	0.454545	0.076005	0.168714	0.001234	26	10.545455
A512	11	0.472727	0.075645	0.025549	0.001164	26	10.090909
A513	10	0.488889	0.079463	0.090561	0.001047	25	10.200000
A514	8	0.535714	0.079247	0.013498	0.000801	25	10.375000
A515	10	0.400000	0.083646	0.307319	0.000905	24	9.500000
A516	7	0.714286	0.082552	0.002548	0.000655	24	9.857142
A517	6	0.600000	0.082481	0.004466	0.000480	24	8.666667
A518	8	0.535714	0.086012	0.007414	0.000570	23	7.625000
A519	3	0.666667	0.080787	0.000461	0.000154	24	6.666667
A520	6	0.466667	0.085692	0.024974	0.000372	23	7.333333
A521	6	0.533333	0.086189	0.039027	0.000492	23	8.333333
A522	9	0.472222	0.091594	0.207853	0.000960	22	9.333333
A523	10	0.444444	0.086973	0.036146	0.000878	23	9.200000
A524	12	0.393939	0.087007	0.063685	0.001052	23	9.583333
A525	10	0.400000	0.091707	0.248471	0.001024	22	10.100000
A526	10	0.422222	0.084888	0.014616	0.000622	23	8.300000
A527	7	0.571429	0.084748	0.005019	0.000407	23	8.857142
A528	4	0.333333	0.083168	0.005084	0.000281	23	6.500000
A529	3	0.666667	0.085495	0.001099	0.000348	22	5.333333
A530	6	0.466667	0.086156	0.006098	0.001219	22	7.000000
A531	6	0.466667	0.090405	0.008439	0.001711	21	7.333333
A532	4	0.500000	0.087980	0.001720	0.001212	21	6.500000
A533	4	0.500000	0.088352	0.002986	0.001486	21	6.750000
A534	5	0.500000	0.086001	0.000381	0.001975	21	5.600000
A535	7	0.523810	0.090983	0.003789	0.004509	20	7.571429
A536	7	0.571429	0.090934	0.002474	0.005654	20	8.428572
A537	6	0.600000	0.090872	0.002213	0.005392	20	8.833333
A538	10	0.377778	0.098964	0.020115	0.013214	19	8.600000
A539	12	0.409091	0.098935	0.029187	0.011476	19	8.666667
A540	11	0.454545	0.101873	0.904671	0.009970	19	9.090909
A541	10	0.466667	0.096079	0.017098	0.006440	20	9.100000
A542	11	0.454545	0.098891	0.898835	0.005089	20	8.909091
A543	10	0.444444	0.093318	0.013951	0.003435	21	8.800000
A544	9	0.361111	0.095408	0.584011	0.002261	21	9.111111
A545	7	0.523810	0.095042	0.348038	0.001891	21	8.571428
A546	6	0.733333	0.093358	0.011584	0.002214	21	8.500000
A547	6	0.733333	0.093046	0.005479	0.002622	21	8.666667
A548	8	0.392857	0.096425	0.044653	0.005158	20	8.625000
A549	6	0.666667	0.098716	0.009323	0.006485	19	10.000000
A550	11	0.400000	0.099347	0.048217	0.012994	19	9.090909
A551	12	0.424242	0.096634	0.037406	0.013001	19	8.583333
A552	10	0.488889	0.092672	0.006424	0.008028	20	9.100000
A553	9	0.527778	0.092136	0.015413	0.006132	20	9.000000
A554	6	0.800000	0.087703	0.000133	0.003349	21	9.500000
A555	7	0.476190	0.087749	0.021760	0.002631	21	7.571429
A556	3	0.666667	0.082227	0.002848	0.000332	22	5.000000
A557	4	0.500000	0.084172	0.009270	0.000341	22	4.750000
A558	4	0.500000	0.079577	0.002009	0.000092	23	4.250000
A559	5	0.500000	0.081705	0.005739	0.000098	23	4.800000
A560	5	0.600000	0.079172	0.001854	0.000078	24	4.800000
A561	4	0.833333	0.079153	0.000008	0.000070	24	5.250000
A562	4	0.666667	0.081855	0.000569	0.000141	23	5.500000
A563	7	0.333333	0.085802	0.030354	0.000325	23	5.285714
A564	6	0.333333	0.088986	0.047299	0.000832	22	7.166667
A565	7	0.428571	0.088856	0.026739	0.001409	22	8.000000
A566	6	0.733333	0.086669	0.000334	0.001555	22	8.666667
A567	9	0.500000	0.086580	0.011032	0.001525	22	6.888889
A568	7	0.666667	0.084694	0.004954	0.000928	22	6.571429
A569	4	0.833333	0.079728	0.000340	0.000367	23	6.500000
A570	4	0.833333	0.078118	0.000003	0.000305	23	5.750000
A571	6	0.733333	0.082766	0.001123	0.000635	22	6.333333
A572	6	0.733333	0.084684	0.003220	0.000892	22	7.166667
A573	8	0.500000	0.088680	0.011887	0.001855	21	7.500000
A574	9	0.472222	0.091631	0.023279	0.002992	21	8.444445
A575	9	0.500000	0.091707	0.024995	0.003458	21	9.000000
A576	10	0.400000	0.092200	0.034722	0.003128	21	8.700000
A577	9	0.444444	0.089212	0.011332	0.002197	22	8.222222
A578	10	0.400000	0.086636	0.011258	0.002306	22	8.200000
A579	8	0.500000	0.086034	0.003049	0.001490	22	8.000000
A580	7	0.523810	0.081815	0.002061	0.001002	23	7.142857
A581	5	0.800000	0.081595	0.000071	0.000839	23	7.600000
A582	7	0.666667	0.085441	0.001090	0.001346	22	7.714286
A583	6	0.666667	0.087200	0.004281	0.001609	22	8.500000
A584	9	0.500000	0.090174	0.011214	0.003000	21	8.555555
A585	11	0.436364	0.091732	0.020961	0.005177	21	8.727273
A586	11	0.454545	0.094813	0.050880	0.005983	20	8.818182
A587	10	0.466667	0.094934	0.068543	0.008330	20	9.500000
A588	7	0.666667	0.097907	0.055512	0.009057	19	9.714286
A589	6	0.666667	0.098411	0.063796	0.010154	19	8.833333
A590	8	0.428571	0.101749	0.154731	0.025205	18	8.250000
A591	5	0.500000	0.100450	0.067361	0.025242	18	7.400000
A592	7	0.476190	0.103496	0.118931	0.092400	18	6.714286
A593	6	0.466667	0.100090	0.045362	0.214817	19	7.666667
A594	8	0.500000	0.104760	0.027468	0.438111	19	8.875000
A595	12	0.409091	0.110287	0.559622	0.786945	19	9.500000
A596	11	0.472727	0.105854	0.041014	0.792292	20	9.909091
A597	14	0.362637	0.109046	0.237126	0.879645	20	9.428572
A598	10	0.488889	0.099702	0.045550	0.603710	21	9.700000
A599	10	0.377778	0.099643	0.048993	0.420542	21	8.500000
A600	9	0.361111	0.091531	0.062681	0.186926	22	7.111111
A601	9	0.444444	0.091070	0.011059	0.112107	22	6.666667
A602	8	0.428571	0.088927	0.005952	0.051450	23	5.750000
A603	4	1.000000	0.085299	0.000000	0.030052	23	7.250000
A604	5	0.800000	0.085769	0.000132	0.048305	23	7.400000
A605	7	0.476190	0.087166	0.000823	0.065848	23	6.142857
A606	4	0.500000	0.094146	0.005334	0.071809	22	6.750000
A607	4	0.500000	0.094278	0.002653	0.107850	22	7.250000
A608	8	0.392857	0.103400	0.039228	0.438435	21	8.875000
A609	10	0.444444	0.099851	0.022406	0.765396	21	10.600000
A610	12	0.424242	0.104125	0.044612	1.000000	20	10.916667
A611	11	0.472727	0.103785	0.033623	0.997582	20	11.727273
A612	11	0.472727	0.101073	0.014016	0.864536	20	10.272727
A613	10	0.444444	0.101440	0.039721	0.645195	20	9.300000
A614	6	0.600000	0.096872	0.016797	0.345845	20	9.000000
A615	7	0.619048	0.093085	0.000703	0.438751	21	9.428572
A616	8	0.500000	0.094425	0.009773	0.339627	20	8.375000
A617	7	0.523810	0.094119	0.006494	0.266402	20	8.000000
A618	5	0.800000	0.092930	0.000350	0.093360	20	7.400000
A619	7	0.619048	0.096676	0.010163	0.101718	19	6.857143
A620	8	0.571429	0.096760	0.010968	0.105237	19	6.625000
A621	7	0.619048	0.099881	0.007416	0.049750	19	6.571429
A622	5	0.900000	0.095626	0.000008	0.036943	19	7.200000
A623	8	0.428571	0.104629	0.234489	0.048650	18	6.625000
A624	6	0.600000	0.100285	0.009899	0.036033	19	6.833333
A625	7	0.476190	0.104597	0.206434	0.037798	19	6.285714
A626	6	0.533333	0.100981	0.013844	0.054597	20	6.833333
A627	4	1.000000	0.099866	0.000000	0.024671	20	6.500000
A628	5	0.700000	0.104401	0.075578	0.037139	20	6.600000
A629	8	0.500000	0.105704	0.127680	0.098450	20	7.125000
A630	8	0.464286	0.105754	0.162031	0.127681	21	7.750000
A631	5	0.900000	0.101103	0.000443	0.097236	21	9.000000
A632	7	0.571429	0.101348	0.007529	0.141773	22	8.285714
A633	11	0.381818	0.107109	0.092848	0.260209	21	7.818182
A634	11	0.436364	0.102262	0.023401	0.270438	21	7.636364
A635	7	0.714286	0.097965	0.003720	0.233531	22	8.714286
A636	10	0.488889	0.102986	0.031277	0.549425	21	9.500000
A637	7	0.714286	0.098353	0.012155	0.311493	22	9.571428
A638	6	0.733333	0.094040	0.002243	0.211563	22	8.000000
A639	9	0.500000	0.094412	0.008477	0.413139	22	8.333333
A640	4	0.500000	0.086748	0.000181	0.177016	23	8.000000
A641	8	0.571429	0.090638	0.004838	0.452889	22	8.500000
A642	9	0.527778	0.090946	0.005263	0.558204	22	8.777778
A643	9	0.555556	0.091493	0.007526	0.602026	22	9.444445
A644	9	0.472222	0.091182	0.005836	0.540133	21	9.000000
A645	7	0.619048	0.088363	0.001107	0.454059	22	9.571428
A646	5	0.600000	0.088003	0.001186	0.226623	22	8.200000
A647	8	0.321429	0.093371	0.038402	0.282749	21	7.375000
A648	12	0.439394	0.095873	0.013948	0.749883	21	8.833333
A649	12	0.439394	0.095763	0.017080	0.842979	21	9.666667
A650	12	0.454545	0.095326	0.013901	0.951532	21	10.250000
A651	13	0.410256	0.098994	0.029218	0.940178	21	9.769231
A652	9	0.555556	0.098775	0.008959	0.671249	21	10.222222
A653	9	0.527778	0.091481	0.025677	0.572203	22	8.888889
A654	6	0.533333	0.084963	0.010839	0.251096	23	7.166667
A655	4	0.500000	0.084045	0.013659	0.095118	23	5.750000
A656	4	0.500000	0.078660	0.006046	0.039918	24	4.500000
A657	4	0.500000	0.078008	0.004501	0.015757	24	4.000000
A658	4	0.500000	0.073525	0.000757	0.006908	25	4.000000
A659	4	0.500000	0.072955	0.000659	0.003664	25	4.000000
A660	4	0.500000	0.077999	0.002555	0.004500	24	4.500000
A661	4	0.500000	0.077999	0.003359	0.006698	24	5.250000
A662	6	0.533333	0.084204	0.014122	0.024313	23	6.666667
A663	7	0.571429	0.084278	0.005991	0.029419	23	6.714286
A664	9	0.416667	0.091606	0.089962	0.101202	22	7.111111
A665	7	0.666667	0.084942	0.001124	0.038808	23	7.428571
A666	7	0.571429	0.088363	0.012813	0.064268	22	7.571429
A667	7	0.523810	0.086023	0.006650	0.059615	22	6.571429
A668	5	0.500000	0.085769	0.003416	0.067378	22	6.000000
A669	4	0.833333	0.081387	0.000054	0.021940	23	6.750000
A670	6	0.600000	0.081536	0.000412	0.031708	23	6.500000
A671	9	0.527778	0.084963	0.006101	0.044047	23	6.666667
A672	7	0.619048	0.085039	0.003436	0.035763	23	7.142857
A673	5	0.400000	0.084331	0.031674	0.021028	23	6.000000
A674	3	0.333333	0.084374	0.048794	0.023034	23	6.000000
A675	4	0.333333	0.078301	0.072856	0.004904	24	4.000000
A676	3	0.666667	0.072702	0.003648	0.000616	25	4.333333
A677	5	0.500000	0.072757	0.054764	0.000635	25	3.800000
A678	4	0.666667	0.067884	0.000039	0.000157	26	4.000000
A679	3	1.000000	0.067877	0.000000	0.000096	26	4.666667
A680	5	0.400000	0.067912	0.036704	0.000099	26	3.800000
A681	3	0.666667	0.063635	0.006127	0.000012	27	4.333333
A682	4	0.500000	0.063642	0.015935	0.000013	27	3.750000
A683	4	0.500000	0.059860	0.004923	0.000003	28	3.000000
A684	3	0.666667	0.059855	0.002456	0.000002	28	3.333333
A685	2	1.000000	0.056489	0.000000	0.000001	29	3.500000
