Node	Degree	Cluster_Coeff	Closeness	Betweenness	Eigenvector centrality	Eccentricity	Average neighbor degree
C27	5	0.700000	0.054222	0.000156	0.000000	37	7.800000
C28	6	0.733333	0.056463	0.001161	0.000000	36	8.500000
C29	8	0.500000	0.059203	0.031677	0.000000	35	8.125000
C30	7	0.666667	0.059019	0.000295	0.000000	35	8.571428
C31	10	0.488889	0.061985	0.116040	0.000000	34	8.200000
C32	9	0.472222	0.061576	0.032984	0.000000	34	7.555555
C33	9	0.472222	0.061868	0.030922	0.000000	34	7.777778
C34	8	0.500000	0.059037	0.000783	0.000000	35	8.000000
C35	9	0.333333	0.059574	0.012980	0.000000	35	8.555555
C36	8	0.464286	0.059350	0.008940	0.000000	35	8.750000
C37	7	0.523810	0.056620	0.002807	0.000000	36	7.857143
C38	6	0.533333	0.056452	0.004179	0.000000	36	7.166667
C39	3	0.666667	0.053624	0.000091	0.000000	37	5.666667
C40	4	0.333333	0.053581	0.002063	0.000000	37	4.000000
C41	3	0.666667	0.053005	0.000174	0.000000	37	4.333333
C42	4	0.500000	0.055298	0.003713	0.000000	36	4.750000
C43	5	0.500000	0.054872	0.002158	0.000000	36	6.400000
C44	7	0.523810	0.057348	0.008235	0.000000	35	7.571429
C45	9	0.555556	0.057345	0.002831	0.000000	35	7.444445
C46	6	0.733333	0.057333	0.000007	0.000000	35	8.500000
C47	7	0.523810	0.060021	0.010478	0.000000	34	8.857142
C48	9	0.472222	0.063320	0.027505	0.000000	33	9.666667
C49	8	0.535714	0.063230	0.004980	0.000000	33	9.250000
C50	9	0.500000	0.066540	0.027423	0.000000	32	9.555555
C51	6	0.666667	0.063166	0.000401	0.000000	33	9.000000
C52	5	0.700000	0.062122	0.000279	0.000000	34	7.800000
C53	6	0.600000	0.062368	0.004724	0.000000	34	7.166667
C54	6	0.800000	0.060096	0.001548	0.000000	35	8.166667
C55	10	0.400000	0.060260	0.004682	0.000000	35	7.500000
C56	8	0.357143	0.062337	0.177504	0.000000	34	8.625000
C57	5	0.500000	0.061762	0.000386	0.000000	34	8.200000
C58	8	0.428571	0.064958	0.455110	0.000000	33	8.125000
C59	7	0.666667	0.061525	0.000788	0.000000	34	8.000000
C60	8	0.571429	0.061902	0.081563	0.000000	34	8.000000
C61	7	0.666667	0.059081	0.006533	0.000000	35	8.571428
C62	11	0.454545	0.059628	0.152030	0.000000	35	8.727273
C63	10	0.488889	0.057012	0.010819	0.000000	36	8.400000
C64	10	0.466667	0.057024	0.070160	0.000000	36	8.200000
C65	7	0.523810	0.054485	0.014246	0.000000	37	8.285714
C66	6	0.333333	0.054448	0.056635	0.000000	37	6.666667
C67	5	0.300000	0.052258	0.037324	0.000000	38	5.600000
C68	4	0.666667	0.049949	0.008832	0.000000	39	6.000000
C69	7	0.285714	0.049984	0.014826	0.000000	39	5.285714
C70	5	0.300000	0.047696	0.014867	0.000000	40	5.000000
C71	4	0.333333	0.047743	0.000490	0.000000	40	5.000000
C72	3	0.666667	0.047765	0.000019	0.000000	40	4.333333
C73	5	0.300000	0.048093	0.001271	0.000000	40	4.400000
C74	4	0.500000	0.050018	0.003662	0.000000	39	5.500000
C75	7	0.285714	0.050360	0.009409	0.000000	39	6.285714
C76	7	0.333333	0.050371	0.025089	0.000000	39	6.142857
C77	6	0.400000	0.048491	0.007160	0.000000	40	7.000000
C78	6	0.333333	0.048443	0.020260	0.000000	40	6.166667
C79	4	0.166667	0.050211	0.005554	0.000000	39	4.750000
C80	4	0.333333	0.048898	0.008477	0.000000	40	4.250000
C81	4	0.500000	0.050152	0.001573	0.000000	39	4.750000
C82	4	0.500000	0.050884	0.009539	0.000000	39	5.500000
C83	7	0.476190	0.052432	0.005821	0.000000	38	7.428571
C84	7	0.571429	0.053338	0.038131	0.000000	38	8.285714
C85	7	0.666667	0.054701	0.010251	0.000000	37	8.857142
C86	10	0.377778	0.055788	0.161292	0.000000	37	8.700000
C87	6	0.533333	0.057184	0.103094	0.000000	36	8.833333
C88	7	0.476190	0.058061	0.158678	0.000000	36	9.142858
C89	9	0.416667	0.057216	0.023746	0.000000	36	9.000000
C90	10	0.422222	0.057442	0.020713	0.000000	36	9.800000
C91	11	0.381818	0.057383	0.016239	0.000000	36	9.818182
C92	10	0.444444	0.054956	0.003019	0.000000	37	10.100000
C93	10	0.444444	0.054870	0.006468	0.000000	37	10.000000
C94	10	0.444444	0.055023	0.058631	0.000000	37	9.400000
C95	8	0.500000	0.052599	0.002261	0.000000	38	9.500000
C96	10	0.422222	0.052736	0.061870	0.000000	38	8.900000
C97	8	0.464286	0.050453	0.006215	0.000000	39	8.125000
C98	9	0.388889	0.050544	0.029938	0.000000	39	6.777778
C99	7	0.428571	0.050631	0.026830	0.000000	39	8.285714
C100	7	0.476190	0.048643	0.007340	0.000000	40	7.857143
C101	7	0.571429	0.048668	0.004052	0.000000	40	8.142858
C102	9	0.416667	0.048725	0.015952	0.000000	40	8.222222
C103	8	0.428571	0.047363	0.001738	0.000000	41	8.625000
C104	9	0.472222	0.049190	0.009746	0.000000	40	8.888889
C105	9	0.472222	0.051214	0.032868	0.000000	39	9.222222
C106	10	0.422222	0.051198	0.027145	0.000000	39	9.700000
C107	11	0.418182	0.052496	0.074902	0.000000	38	8.909091
C108	7	0.666667	0.052258	0.000760	0.000000	38	8.428572
C109	6	0.666667	0.052197	0.006801	0.000000	38	8.333333
C110	6	0.533333	0.050907	0.016014	0.000000	39	7.833333
C111	4	0.500000	0.049767	0.003450	0.000000	39	5.500000
C112	7	0.285714	0.048736	0.013084	0.000000	40	5.857143
C113	3	0.666667	0.047680	0.000009	0.000000	40	5.333333
C114	5	0.400000	0.047904	0.000248	0.000000	40	7.000000
C115	6	0.666667	0.047949	0.000062	0.000000	40	9.166667
C116	10	0.400000	0.050256	0.055531	0.000000	39	9.100000
C117	9	0.500000	0.050292	0.021527	0.000000	39	10.111111
C118	10	0.444444	0.049151	0.013946	0.000000	40	9.600000
C119	10	0.444444	0.049073	0.022499	0.000000	40	9.400000
C120	10	0.422222	0.047389	0.013417	0.000000	41	9.100000
C121	9	0.472222	0.046669	0.005936	0.000000	41	8.555555
C122	7	0.523810	0.045366	0.007160	0.000000	42	8.142858
C123	4	1.000000	0.044641	0.000000	0.000000	42	8.750000
C124	8	0.500000	0.045274	0.001046	0.000000	42	7.375000
C125	11	0.436364	0.045295	0.001939	0.000000	42	7.181818
C126	10	0.488889	0.047069	0.008838	0.000000	41	8.800000
C127	10	0.488889	0.047071	0.005938	0.000000	41	8.900000
C128	9	0.500000	0.047114	0.004993	0.000000	41	8.777778
C129	10	0.400000	0.048139	0.006937	0.000000	40	8.600000
C130	10	0.422222	0.048110	0.007915	0.000000	40	8.000000
C131	11	0.418182	0.048054	0.012662	0.000000	40	8.363636
C132	9	0.444444	0.048030	0.005243	0.000000	40	7.888889
C133	10	0.377778	0.048058	0.026515	0.000000	40	7.900000
C134	7	0.476190	0.046919	0.003341	0.000000	41	7.857143
C135	6	0.533333	0.046907	0.003982	0.000000	41	7.333333
C136	9	0.305556	0.045289	0.008835	0.000000	42	5.888889
C137	4	0.666667	0.045078	0.000086	0.000000	42	6.000000
C138	4	0.833333	0.045207	0.000096	0.000000	42	6.250000
C139	5	0.500000	0.047025	0.005414	0.000000	41	5.600000
C140	7	0.285714	0.047243	0.019269	0.000000	41	6.571429
C141	4	0.500000	0.047106	0.018701	0.000000	41	6.500000
C142	5	0.300000	0.045249	0.015912	0.000000	42	5.600000
C143	5	0.300000	0.045353	0.011510	0.000000	42	5.000000
C144	5	0.300000	0.043604	0.006623	0.000000	43	5.000000
C145	4	0.500000	0.043456	0.005815	0.000000	43	4.500000
C146	4	0.500000	0.041802	0.002928	0.000000	44	4.250000
C147	4	0.500000	0.041691	0.001458	0.000000	44	4.000000
C148	4	0.500000	0.040197	0.000128	0.000000	45	4.250000
C149	4	0.500000	0.040129	0.000079	0.000000	45	4.500000
C150	5	0.500000	0.041616	0.001930	0.000000	44	5.400000
C151	5	0.600000	0.041616	0.001381	0.000000	44	6.000000
C152	7	0.476190	0.043401	0.011042	0.000000	43	6.428571
C153	7	0.619048	0.042629	0.000519	0.000000	43	6.428571
C154	7	0.666667	0.042626	0.000246	0.000000	43	6.428571
C155	5	0.900000	0.042571	0.000002	0.000000	43	7.000000
C156	5	0.700000	0.043365	0.000619	0.000000	43	7.400000
C157	8	0.535714	0.044430	0.004417	0.000000	42	6.875000
C158	8	0.500000	0.044281	0.007029	0.000000	42	6.625000
C159	7	0.476190	0.046205	0.011805	0.000000	41	7.857143
C160	7	0.380952	0.046045	0.007173	0.000000	41	7.000000
C161	4	0.833333	0.044079	0.000042	0.000000	42	6.000000
C162	4	0.833333	0.044079	0.000042	0.000000	42	6.000000
C163	4	0.666667	0.043958	0.000006	0.000000	42	5.750000
C164	9	0.416667	0.045968	0.007800	0.000000	41	6.888889
C165	6	0.600000	0.045920	0.001556	0.000000	41	7.666667
C166	7	0.571429	0.046017	0.000153	0.000000	41	8.000000
C167	6	0.600000	0.045988	0.000082	0.000000	41	7.500000
C168	5	0.700000	0.045988	0.000028	0.000000	41	7.800000
C169	6	0.533333	0.046134	0.000249	0.000000	41	7.666667
C170	6	0.600000	0.046142	0.000259	0.000000	41	8.166667
C171	7	0.619048	0.045063	0.001995	0.000000	42	8.285714
C172	7	0.571429	0.045036	0.000876	0.000000	42	7.857143
C173	5	0.700000	0.043409	0.000026	0.000000	43	7.400000
C174	6	0.600000	0.044512	0.000331	0.000000	42	7.166667
C175	6	0.533333	0.044506	0.000497	0.000000	42	6.666667
C176	6	0.466667	0.046298	0.005837	0.000000	41	6.000000
C177	4	0.666667	0.046172	0.001730	0.000000	41	6.000000
C178	6	0.600000	0.048224	0.007019	0.000000	40	6.166667
C179	6	0.600000	0.048224	0.007019	0.000000	40	6.166667
C180	4	1.000000	0.048164	0.000000	0.000000	40	7.250000
C181	8	0.428571	0.048363	0.001213	0.000000	40	6.125000
C182	5	0.500000	0.048247	0.000410	0.000000	40	6.600000
C183	4	0.333333	0.048052	0.000994	0.000000	40	5.500000
C184	4	0.333333	0.049953	0.004211	0.000000	39	5.000000
C185	3	0.666667	0.049787	0.000014	0.000000	39	6.333333
C186	8	0.357143	0.052349	0.018057	0.000000	38	7.000000
C187	7	0.476190	0.050197	0.000766	0.000000	39	7.571429
C188	11	0.472727	0.050450	0.002162	0.000000	39	8.181818
C189	10	0.511111	0.052646	0.003326	0.000000	38	8.800000
C190	11	0.472727	0.052689	0.008155	0.000000	38	9.363636
C191	10	0.466667	0.054899	0.011385	0.000000	37	10.100000
C192	11	0.418182	0.054905	0.004855	0.000000	37	10.090909
C193	9	0.500000	0.054746	0.001522	0.000000	37	10.222222
C194	9	0.472222	0.054717	0.002323	0.000000	37	9.888889
C195	10	0.377778	0.055429	0.021097	0.000000	37	8.800000
C196	8	0.392857	0.054663	0.014708	0.000000	37	8.625000
C197	6	0.666667	0.052800	0.001702	0.000000	38	8.666667
C198	4	0.833333	0.051861	0.000085	0.000000	38	8.250000
C199	8	0.535714	0.050567	0.000222	0.000000	39	7.125000
C200	11	0.472727	0.052066	0.003190	0.000000	38	7.272727
C201	11	0.454545	0.052948	0.009534	0.000000	38	8.181818
C202	9	0.444444	0.053131	0.004929	0.000000	38	9.222222
C203	10	0.422222	0.053008	0.001743	0.000000	38	8.800000
C204	10	0.488889	0.054698	0.003901	0.000000	37	9.400000
C205	11	0.454545	0.054663	0.004477	0.000000	37	9.181818
C206	8	0.535714	0.054688	0.009798	0.000000	37	9.875000
C207	8	0.571429	0.052371	0.003591	0.000000	38	9.250000
C208	7	0.666667	0.052275	0.001295	0.000000	38	8.714286
C209	6	0.733333	0.050128	0.000141	0.000000	39	8.333333
C210	7	0.428571	0.052083	0.002626	0.000000	38	7.000000
C211	3	0.666667	0.051542	0.000005	0.000000	38	5.666667
C212	5	0.500000	0.053828	0.005934	0.000000	37	5.400000
C213	5	0.400000	0.054151	0.020813	0.000000	37	5.600000
C214	5	0.600000	0.053831	0.000343	0.000000	37	5.000000
C215	4	0.500000	0.056200	0.001360	0.000000	36	6.000000
C216	4	0.666667	0.055874	0.000595	0.000000	36	5.000000
C217	7	0.380952	0.056361	0.033562	0.000000	36	4.857143
C218	4	0.500000	0.058593	0.015173	0.000000	35	6.750000
C219	7	0.476190	0.058839	0.024485	0.000000	35	7.000000
C220	4	1.000000	0.058577	0.000000	0.000000	35	8.000000
C221	8	0.500000	0.059228	0.007888	0.000000	35	8.125000
C222	8	0.464286	0.059281	0.051778	0.000000	35	8.500000
C223	12	0.363636	0.057093	0.036146	0.000000	36	8.583333
C224	9	0.472222	0.056879	0.018268	0.000000	36	8.444445
C225	7	0.666667	0.054295	0.003075	0.000000	37	9.142858
C226	7	0.571429	0.054227	0.004792	0.000000	37	8.428572
C227	5	0.500000	0.051801	0.000457	0.000000	38	7.600000
C228	7	0.523810	0.051950	0.000958	0.000000	38	8.142858
C229	7	0.619048	0.050494	0.000196	0.000000	39	8.142858
C230	7	0.714286	0.050423	0.000136	0.000000	39	8.142858
C231	7	0.666667	0.050567	0.000298	0.000000	39	7.857143
C232	6	0.600000	0.049793	0.000316	0.000000	39	7.166667
C233	5	0.500000	0.050699	0.001132	0.000000	39	7.000000
C234	5	0.500000	0.052047	0.001467	0.000000	38	7.400000
C235	9	0.361111	0.053336	0.021075	0.000000	38	8.666667
C236	10	0.466667	0.054746	0.087367	0.000000	37	8.300000
C237	12	0.439394	0.053379	0.030243	0.000000	38	8.333333
C238	10	0.488889	0.053438	0.070936	0.000000	38	9.100000
C239	8	0.428571	0.051252	0.050855	0.000000	39	8.375000
C240	6	0.533333	0.049175	0.004232	0.000000	40	8.833333
C241	9	0.361111	0.049296	0.042883	0.000000	40	7.555555
C242	10	0.333333	0.047460	0.009560	0.000000	41	6.900000
C243	7	0.380952	0.046678	0.008037	0.000000	41	6.857143
C244	5	0.600000	0.046517	0.000673	0.000000	41	6.800000
C245	5	0.300000	0.046408	0.018135	0.000000	41	5.400000
C246	3	0.333333	0.044392	0.001024	0.000000	42	5.333333
C247	6	0.466667	0.044395	0.009764	0.000000	42	4.500000
C248	4	1.000000	0.042540	0.000000	0.000000	43	5.250000
C249	4	1.000000	0.042540	0.000000	0.000000	43	5.250000
C250	5	0.700000	0.042543	0.000007	0.000000	43	5.000000
C251	6	0.533333	0.044051	0.001748	0.000000	42	4.833333
C252	5	0.300000	0.044049	0.000991	0.000000	42	4.400000
C253	5	0.400000	0.045668	0.009273	0.000000	41	4.800000
C254	3	0.666667	0.043934	0.000061	0.000000	42	5.000000
C255	5	0.300000	0.045696	0.002749	0.000000	41	4.200000
C256	3	0.666667	0.045630	0.000012	0.000000	41	5.000000
C257	5	0.500000	0.047546	0.005349	0.000000	40	4.600000
C258	5	0.400000	0.047765	0.002506	0.000000	40	5.000000
C259	5	0.600000	0.049811	0.006355	0.000000	39	5.400000
C260	5	0.600000	0.049811	0.006355	0.000000	39	5.400000
C261	5	0.500000	0.051941	0.010329	0.000000	38	6.200000
C262	7	0.333333	0.052314	0.017281	0.000000	38	5.714286
C263	8	0.285714	0.052434	0.033407	0.000000	38	6.625000
C264	6	0.400000	0.054709	0.023489	0.000000	37	8.666667
C265	8	0.464286	0.054805	0.014649	0.000000	37	9.000000
C266	11	0.436364	0.057236	0.087935	0.000000	36	9.181818
C267	10	0.466667	0.057280	0.011384	0.000000	36	10.000000
C268	9	0.500000	0.057280	0.004542	0.000000	36	10.444445
C269	10	0.400000	0.059925	0.135106	0.000000	35	8.900000
C270	11	0.381818	0.059733	0.032986	0.000000	35	8.545455
C271	8	0.535714	0.060550	0.157838	0.000000	35	8.250000
C272	6	0.800000	0.060096	0.001548	0.000000	35	8.166667
C273	8	0.500000	0.062900	0.165102	0.000000	34	7.500000
C274	8	0.500000	0.065241	0.085818	0.000000	33	8.500000
C275	11	0.436364	0.065405	0.092404	0.000000	33	8.454545
C276	13	0.410256	0.066782	0.049140	0.000000	32	8.923077
C277	11	0.436364	0.063952	0.044755	0.000000	33	9.181818
C278	10	0.466667	0.063445	0.017846	0.000000	33	8.800000
C279	13	0.397436	0.060774	0.023707	0.000000	34	8.000000
C280	9	0.583333	0.058001	0.001629	0.000000	35	7.666667
C281	6	0.800000	0.057318	0.000406	0.000000	35	8.500000
C282	5	0.800000	0.054856	0.000002	0.000000	36	7.800000
C283	9	0.527778	0.058010	0.003181	0.000000	35	7.666667
C284	6	0.733333	0.057992	0.000812	0.000000	35	8.500000
C285	9	0.444444	0.061393	0.056218	0.000000	34	8.555555
C286	6	0.666667	0.060420	0.000330	0.000000	34	8.666667
C287	5	0.700000	0.060649	0.000112	0.000000	34	8.600000
C288	7	0.619048	0.063774	0.001863	0.000000	33	9.428572
C289	7	0.666667	0.067002	0.024959	0.000000	32	10.428572
C290	9	0.444444	0.067523	0.464348	0.000000	32	9.000000
C291	10	0.444444	0.068077	0.170658	0.000000	32	9.500000
C292	7	0.714286	0.067986	0.047609	0.000000	32	9.000000
C293	6	0.733333	0.067978	0.031627	0.000000	32	8.833333
C294	6	0.800000	0.067002	0.000003	0.000000	32	8.666667
C295	9	0.500000	0.070542	0.104793	0.000000	31	9.000000
C296	7	0.619048	0.070241	0.022532	0.000000	31	10.428572
C297	12	0.454545	0.070118	0.406032	0.000000	31	8.750000
C298	11	0.472727	0.070582	0.199203	0.000000	31	9.000000
C299	10	0.466667	0.072426	0.439712	0.000000	30	9.100000
C300	12	0.409091	0.069136	0.021719	0.000000	31	7.916667
C301	11	0.418182	0.069221	0.089337	0.000000	31	9.545455
C302	6	0.800000	0.068160	0.003479	0.000000	31	9.833333
C303	6	0.800000	0.068151	0.004651	0.000000	31	9.166667
C304	9	0.444444	0.065909	0.017450	0.000000	32	8.111111
C305	7	0.523810	0.065497	0.014240	0.000000	32	8.142858
C306	5	0.700000	0.067058	0.003743	0.000000	31	7.800000
C307	5	0.600000	0.066882	0.006745	0.000000	31	7.600000
C308	6	0.466667	0.068792	0.015658	0.000000	30	7.333333
C309	5	0.500000	0.069686	0.017078	0.000000	29	7.200000
C310	5	0.700000	0.069634	0.000671	0.000000	29	7.800000
C311	8	0.321429	0.073366	0.470687	0.000000	28	7.375000
C312	7	0.666667	0.072132	0.003882	0.000000	29	9.285714
C313	8	0.500000	0.073723	0.430041	0.000000	29	9.125000
C314	6	0.733333	0.071474	0.000659	0.000000	30	10.000000
C315	9	0.333333	0.072983	0.284980	0.000000	30	8.777778
C316	5	0.800000	0.070392	0.007867	0.000000	31	8.600000
C317	7	0.619048	0.070805	0.238849	0.000000	31	8.285714
C318	7	0.619048	0.068468	0.038555	0.000000	32	7.857143
C319	7	0.428571	0.068632	0.259488	0.000000	32	6.857143
C320	7	0.476190	0.066308	0.100677	0.000000	33	7.142857
C321	5	0.600000	0.066131	0.108724	0.000000	33	7.600000
C322	8	0.464286	0.063861	0.119551	0.000000	34	7.750000
C323	6	0.600000	0.063760	0.025700	0.000000	34	8.000000
C324	6	0.666667	0.061623	0.026018	0.000000	35	8.500000
C325	6	0.733333	0.058879	0.001800	0.000000	36	9.166667
C326	10	0.400000	0.059581	0.090102	0.000000	36	8.200000
C327	8	0.500000	0.057041	0.003933	0.000000	37	8.375000
C328	9	0.416667	0.057548	0.036838	0.000000	37	8.111111
C329	8	0.250000	0.055688	0.054557	0.000000	38	7.375000
C330	6	0.266667	0.053308	0.006400	0.000000	39	6.333333
C331	4	0.500000	0.052885	0.005705	0.000000	39	6.000000
C332	6	0.400000	0.051088	0.002868	0.000000	40	6.666667
C333	4	0.500000	0.050683	0.001233	0.000000	40	5.750000
C334	6	0.666667	0.049101	0.000297	0.000000	41	7.333333
C335	7	0.571429	0.049086	0.000449	0.000000	41	7.571429
C336	7	0.571429	0.049250	0.009634	0.000000	41	7.857143
C337	5	0.500000	0.049220	0.017720	0.000000	41	7.400000
C338	6	0.533333	0.047393	0.011106	0.000000	42	6.000000
C339	6	0.666667	0.047363	0.010306	0.000000	42	5.833333
C340	6	0.800000	0.045744	0.001817	0.000000	43	6.166667
C341	6	0.800000	0.045744	0.001817	0.000000	43	6.166667
C342	6	0.800000	0.045744	0.001817	0.000000	43	6.166667
C343	6	0.666667	0.045714	0.003832	0.000000	43	5.833333
C344	7	0.476190	0.044260	0.004285	0.000000	44	5.571429
C345	4	0.666667	0.044232	0.000450	0.000000	44	6.000000
C346	4	0.666667	0.043660	0.000326	0.000000	44	7.000000
C347	7	0.476190	0.043880	0.004607	0.000000	44	8.285714
C348	10	0.488889	0.045571	0.017033	0.000000	43	9.100000
C349	11	0.436364	0.043963	0.032761	0.000000	44	9.272727
C350	11	0.418182	0.043989	0.029657	0.000000	44	9.818182
C351	9	0.416667	0.043865	0.045377	0.000000	44	9.333333
C352	9	0.416667	0.043885	0.037312	0.000000	44	8.111111
C353	9	0.555556	0.045547	0.070911	0.000000	43	9.555555
C354	8	0.500000	0.045560	0.032433	0.000000	43	9.000000
C355	6	0.666667	0.047214	0.038965	0.000000	42	9.000000
C356	7	0.523810	0.047200	0.018042	0.000000	42	7.857143
C357	6	0.666667	0.048945	0.004906	0.000000	41	8.500000
C358	5	0.700000	0.048863	0.004466	0.000000	41	8.200000
C359	7	0.476190	0.050819	0.005598	0.000000	40	8.285714
C360	4	1.000000	0.050489	0.000000	0.000000	40	9.750000
C361	10	0.422222	0.050619	0.002449	0.000000	40	8.000000
C362	10	0.466667	0.051409	0.008651	0.000000	40	8.800000
C363	11	0.381818	0.051454	0.029989	0.000000	40	8.636364
C364	7	0.476190	0.051058	0.017412	0.000000	40	8.428572
C365	8	0.392857	0.050419	0.011699	0.000000	40	7.375000
C366	6	0.733333	0.048908	0.002142	0.000000	41	6.833333
C367	7	0.666667	0.049125	0.012348	0.000000	41	6.714286
C368	6	0.800000	0.048453	0.001752	0.000000	41	6.833333
C369	7	0.571429	0.048537	0.003855	0.000000	41	6.714286
C370	6	0.666667	0.047122	0.002120	0.000000	42	6.166667
C371	7	0.476190	0.047361	0.012207	0.000000	42	6.285714
C372	4	0.666667	0.045499	0.000254	0.000000	43	6.750000
C373	5	0.600000	0.045709	0.002344	0.000000	43	7.200000
C374	9	0.444444	0.045830	0.004293	0.000000	43	7.333333
C375	6	0.666667	0.045170	0.000185	0.000000	43	8.000000
C376	7	0.619048	0.045231	0.000493	0.000000	43	8.428572
C377	7	0.523810	0.046933	0.005666	0.000000	42	8.285714
C378	7	0.571429	0.047009	0.002267	0.000000	42	8.571428
C379	10	0.377778	0.048945	0.025230	0.000000	41	7.500000
C380	8	0.571429	0.047073	0.000956	0.000000	42	8.250000
C381	6	0.800000	0.047031	0.000474	0.000000	42	8.666667
C382	7	0.571429	0.048776	0.002978	0.000000	41	7.714286
C383	5	0.600000	0.050583	0.010624	0.000000	40	7.000000
C384	7	0.380952	0.050633	0.024990	0.000000	40	6.714286
C385	4	0.833333	0.050292	0.000005	0.000000	40	6.500000
C386	7	0.523810	0.052553	0.028098	0.000000	39	6.714286
C387	7	0.476190	0.052595	0.021307	0.000000	39	7.142857
C388	8	0.464286	0.052403	0.008532	0.000000	39	8.000000
C389	6	0.600000	0.054605	0.025862	0.000000	38	8.500000
C390	10	0.377778	0.055034	0.189313	0.000000	38	8.600000
C391	8	0.464286	0.055067	0.231445	0.000000	38	10.125000
C392	13	0.371795	0.053121	0.295524	0.000000	39	9.153846
C393	10	0.511111	0.052808	0.007968	0.000000	39	8.000000
C394	7	0.571429	0.050937	0.008914	0.000000	40	10.285714
C395	11	0.381818	0.051104	0.212826	0.000000	40	9.000000
C396	10	0.444444	0.049067	0.019050	0.000000	41	8.600000
C397	11	0.436364	0.049190	0.187894	0.000000	41	9.090909
C398	9	0.527778	0.047301	0.012823	0.000000	42	9.222222
C399	10	0.466667	0.047347	0.074931	0.000000	42	9.600000
C400	12	0.409091	0.045692	0.041859	0.000000	43	9.750000
C401	10	0.466667	0.043991	0.003752	0.000000	44	10.500000
C402	9	0.472222	0.043954	0.009134	0.000000	44	10.555555
C403	9	0.583333	0.042274	0.002985	0.000000	45	9.555555
C404	11	0.472727	0.042286	0.005905	0.000000	45	8.727273
C405	7	0.571429	0.040643	0.000397	0.000000	46	7.857143
C406	7	0.523810	0.042200	0.001612	0.000000	45	8.285714
C407	6	0.600000	0.042102	0.000918	0.000000	45	7.833333
C408	6	0.600000	0.042045	0.000728	0.000000	45	7.166667
C409	10	0.377778	0.042102	0.001888	0.000000	45	7.200000
C410	6	0.466667	0.043673	0.007238	0.000000	44	8.166667
C411	7	0.428571	0.043554	0.004603	0.000000	44	7.000000
C412	8	0.428571	0.045274	0.026333	0.000000	43	6.750000
C413	5	0.500000	0.043448	0.002368	0.000000	44	6.800000
C414	7	0.523810	0.043614	0.006943	0.000000	44	7.857143
C415	6	0.600000	0.041995	0.000200	0.000000	45	8.500000
C416	7	0.666667	0.041993	0.000404	0.000000	45	8.428572
C417	6	0.866667	0.040617	0.000059	0.000000	46	9.500000
C418	8	0.678571	0.040643	0.000324	0.000000	46	8.875000
C419	12	0.439394	0.042132	0.003729	0.000000	45	7.916667
C420	10	0.533333	0.042105	0.001793	0.000000	45	8.000000
C421	10	0.422222	0.040678	0.001591	0.000000	46	7.900000
C422	10	0.444444	0.042296	0.008710	0.000000	45	9.000000
C423	6	0.866667	0.042094	0.000779	0.000000	45	9.833333
C424	9	0.333333	0.043721	0.029660	0.000000	44	7.777778
C425	7	0.476190	0.045350	0.021848	0.000000	43	7.428571
C426	7	0.523810	0.045329	0.026661	0.000000	43	7.000000
C427	6	0.600000	0.045196	0.003427	0.000000	43	6.666667
C428	4	0.666667	0.047004	0.011775	0.000000	42	7.500000
C429	9	0.416667	0.047130	0.078513	0.000000	42	7.111111
C430	8	0.464286	0.049015	0.056055	0.000000	41	8.000000
C431	10	0.466667	0.049140	0.042773	0.000000	41	8.700000
C432	9	0.472222	0.047202	0.001948	0.000000	42	9.333333
C433	9	0.472222	0.047245	0.008953	0.000000	42	9.333333
C434	10	0.444444	0.045471	0.001470	0.000000	43	8.900000
C435	10	0.444444	0.045499	0.010671	0.000000	43	9.500000
C436	10	0.422222	0.044348	0.004019	0.000000	44	8.500000
C437	6	0.733333	0.043738	0.002404	0.000000	44	10.500000
C438	9	0.472222	0.043747	0.020087	0.000000	44	8.444445
C439	9	0.416667	0.042113	0.003919	0.000000	45	8.222222
C440	5	0.900000	0.041996	0.000658	0.000000	45	8.000000
C441	5	0.900000	0.041996	0.000658	0.000000	45	8.000000
C442	6	0.666667	0.041999	0.005935	0.000000	45	7.500000
C443	11	0.381818	0.040542	0.001641	0.000000	46	7.090909
C444	6	0.533333	0.040476	0.001948	0.000000	46	6.833333
C445	5	0.600000	0.039108	0.000054	0.000000	47	7.200000
C446	3	1.000000	0.039022	0.000000	0.000000	47	6.333333
C447	8	0.500000	0.040561	0.002385	0.000000	46	7.375000
C448	8	0.500000	0.040587	0.000515	0.000000	46	7.625000
C449	8	0.464286	0.040670	0.001089	0.000000	46	7.000000
C450	4	0.500000	0.040650	0.000421	0.000000	46	8.000000
C451	6	0.533333	0.042208	0.005404	0.000000	45	7.833333
C452	10	0.377778	0.042307	0.023398	0.000000	45	7.800000
C453	9	0.472222	0.042301	0.023824	0.000000	45	8.777778
C454	9	0.361111	0.042178	0.034825	0.000000	45	7.666667
C455	7	0.428571	0.040711	0.003800	0.000000	46	7.142857
C456	5	0.500000	0.040514	0.001793	0.000000	46	6.600000
C457	4	0.500000	0.039151	0.000344	0.000000	47	4.750000
C458	3	0.666667	0.039020	0.000006	0.000000	47	4.333333
C459	4	0.333333	0.040382	0.002917	0.000000	46	4.000000
C460	3	0.666667	0.040325	0.000029	0.000000	46	5.333333
C461	6	0.333333	0.041987	0.008154	0.000000	45	7.000000
C462	6	0.400000	0.041949	0.002452	0.000000	45	5.333333
C463	6	0.466667	0.043576	0.009588	0.000000	44	6.166667
C464	4	0.666667	0.042015	0.000306	0.000000	45	5.500000
C465	4	0.666667	0.042015	0.000306	0.000000	45	5.500000
C466	6	0.333333	0.042186	0.001476	0.000000	45	5.833333
C467	4	0.666667	0.042105	0.003891	0.000000	45	6.000000
C468	5	0.500000	0.042129	0.022977	0.000000	45	5.400000
C469	4	0.500000	0.040468	0.004196	0.000000	46	4.250000
C470	4	0.500000	0.040492	0.015539	0.000000	46	4.750000
C471	4	0.500000	0.038965	0.002715	0.000000	47	5.000000
C472	6	0.533333	0.039018	0.010089	0.000000	47	5.833333
C473	6	0.666667	0.037645	0.000218	0.000000	48	6.333333
C474	6	0.800000	0.037645	0.000544	0.000000	48	6.666667
C475	6	0.800000	0.037645	0.000544	0.000000	48	6.666667
C476	9	0.444444	0.037801	0.004079	0.000000	48	6.111111
C477	7	0.523810	0.037617	0.003890	0.000000	48	6.142857
C478	6	0.533333	0.036443	0.000188	0.000000	49	6.166667
C479	4	0.500000	0.036271	0.000212	0.000000	49	5.750000
C480	5	0.300000	0.036410	0.007281	0.000000	49	5.200000
C481	5	0.600000	0.035142	0.000069	0.000000	50	4.800000
C482	5	0.500000	0.035146	0.000109	0.000000	50	4.600000
C483	4	0.833333	0.035002	0.000003	0.000000	50	5.000000
C484	5	0.600000	0.035138	0.000058	0.000000	50	4.600000
C485	5	0.500000	0.036253	0.003781	0.000000	49	4.400000
C486	4	0.500000	0.036403	0.003744	0.000000	49	5.000000
C487	4	0.500000	0.037600	0.007574	0.000000	48	5.250000
C488	6	0.333333	0.037765	0.018287	0.000000	48	5.666667
C489	6	0.400000	0.039050	0.019203	0.000000	47	6.166667
C490	6	0.400000	0.039203	0.027438	0.000000	47	6.666667
C491	5	0.500000	0.040572	0.023428	0.000000	46	7.200000
C492	8	0.500000	0.040735	0.015597	0.000000	46	7.500000
C493	6	0.600000	0.040729	0.014904	0.000000	46	8.333333
C494	8	0.464286	0.040692	0.002040	0.000000	46	7.375000
C495	6	0.600000	0.040696	0.000608	0.000000	46	8.000000
C496	6	0.600000	0.040624	0.000791	0.000000	46	8.000000
C497	10	0.377778	0.042178	0.018896	0.000000	45	8.700000
C498	8	0.464286	0.040559	0.000552	0.000000	46	7.750000
C499	8	0.392857	0.040617	0.003590	0.000000	46	8.250000
C500	4	0.666667	0.039102	0.000025	0.000000	47	7.250000
C501	7	0.523810	0.040602	0.001173	0.000000	46	7.571429
C502	6	0.666667	0.040544	0.001055	0.000000	46	7.500000
C503	6	0.800000	0.040615	0.000045	0.000000	46	8.666667
C504	7	0.714286	0.040622	0.000091	0.000000	46	8.571428
C505	9	0.583333	0.042094	0.001552	0.000000	45	8.555555
C506	12	0.393939	0.042235	0.015961	0.000000	45	8.833333
C507	12	0.393939	0.043872	0.032114	0.000000	44	9.750000
C508	12	0.424242	0.043944	0.027305	0.000000	44	9.916667
C509	11	0.472727	0.045617	0.068992	0.000000	43	10.090909
C510	10	0.444444	0.045606	0.020091	0.000000	43	10.600000
C511	11	0.436364	0.047448	0.109479	0.000000	42	10.181818
C512	10	0.488889	0.047339	0.016045	0.000000	42	9.900000
C513	10	0.466667	0.049242	0.060348	0.000000	41	9.900000
C514	10	0.422222	0.049155	0.016207	0.000000	41	9.700000
C515	10	0.422222	0.051160	0.174839	0.000000	40	9.300000
C516	8	0.571429	0.050932	0.009300	0.000000	40	9.375000
C517	6	0.666667	0.052955	0.033720	0.000000	39	9.166667
C518	8	0.607143	0.052733	0.003336	0.000000	39	8.125000
C519	6	0.600000	0.054800	0.044483	0.000000	38	7.333333
C520	7	0.523810	0.054671	0.013421	0.000000	38	7.285714
C521	6	0.733333	0.052425	0.000320	0.000000	39	8.333333
C522	9	0.416667	0.052838	0.004743	0.000000	39	8.888889
C523	10	0.377778	0.051532	0.001854	0.000000	40	8.800000
C524	12	0.378788	0.053078	0.089471	0.000000	39	9.500000
C525	10	0.400000	0.053743	0.044000	0.000000	39	10.100000
C526	11	0.381818	0.052716	0.007996	0.000000	39	8.545455
C527	8	0.428571	0.053242	0.025499	0.000000	39	8.125000
C528	4	0.500000	0.053096	0.000602	0.000000	39	7.250000
C529	4	0.500000	0.055045	0.027934	0.000000	38	6.250000
C530	6	0.400000	0.055107	0.003348	0.000000	38	6.666667
C531	7	0.380952	0.057085	0.032385	0.000000	37	6.428571
C532	3	0.666667	0.056412	0.000283	0.000000	37	5.333333
C533	5	0.400000	0.058197	0.002603	0.000000	36	6.200000
C534	4	0.500000	0.058425	0.002807	0.000000	36	5.500000
C535	7	0.476190	0.060342	0.004757	0.000000	35	7.428571
C536	6	0.666667	0.060942	0.000916	0.000000	35	9.000000
C537	7	0.476190	0.061035	0.005427	0.000000	35	8.142858
C538	10	0.400000	0.064011	0.054293	0.000000	34	8.200000
C539	12	0.393939	0.061766	0.087649	0.000000	35	8.500000
C540	9	0.527778	0.061725	0.043553	0.000000	35	8.555555
C541	10	0.444444	0.059622	0.085362	0.000000	36	8.400000
C542	10	0.488889	0.059147	0.189863	0.000000	36	8.100000
C543	9	0.500000	0.057569	0.050444	0.000000	37	8.111111
C544	8	0.464286	0.057076	0.178435	0.000000	37	8.500000
C545	8	0.464286	0.057006	0.275240	0.000000	37	7.875000
C546	6	0.733333	0.059047	0.149276	0.000000	36	8.000000
C547	6	0.733333	0.059059	0.089268	0.000000	36	8.333333
C548	7	0.476190	0.061283	0.385627	0.000000	35	8.428572
C549	7	0.523810	0.061800	0.053199	0.000000	35	9.142858
C550	11	0.400000	0.063683	0.369968	0.000000	34	9.090909
C551	12	0.424242	0.063120	0.026767	0.000000	34	8.750000
C552	9	0.527778	0.060645	0.003736	0.000000	35	9.555555
C553	9	0.500000	0.060613	0.011189	0.000000	35	8.777778
C554	5	0.800000	0.057806	0.000176	0.000000	36	9.200000
C555	7	0.476190	0.057827	0.012593	0.000000	36	7.428571
C556	3	0.666667	0.054886	0.001614	0.000000	37	5.333333
C557	5	0.400000	0.055295	0.005127	0.000000	37	5.400000
C558	4	0.500000	0.053078	0.000817	0.000000	38	4.500000
C559	5	0.500000	0.053326	0.000633	0.000000	38	4.800000
C560	5	0.600000	0.052246	0.001222	0.000000	39	4.800000
C561	4	0.833333	0.052241	0.000085	0.000000	39	5.250000
C562	5	0.500000	0.054135	0.003137	0.000000	38	5.800000
C563	6	0.466667	0.054768	0.005973	0.000000	38	5.333333
C564	7	0.333333	0.056861	0.063662	0.000000	37	6.857143
C565	6	0.466667	0.057321	0.010400	0.000000	37	7.833333
C566	7	0.619048	0.058245	0.002376	0.000000	36	8.428572
C567	8	0.607143	0.057587	0.002349	0.000000	36	7.250000
C568	8	0.607143	0.057581	0.003952	0.000000	36	6.625000
C569	4	0.833333	0.054464	0.000001	0.000000	37	6.500000
C570	4	0.833333	0.054456	0.000001	0.000000	37	6.000000
C571	6	0.733333	0.055470	0.000140	0.000000	37	6.333333
C572	6	0.733333	0.057560	0.001812	0.000000	36	7.333333
C573	8	0.607143	0.058703	0.003852	0.000000	36	8.125000
C574	10	0.466667	0.061045	0.046804	0.000000	35	8.500000
C575	9	0.500000	0.059366	0.012325	0.000000	36	9.111111
C576	10	0.400000	0.058944	0.060710	0.000000	36	8.600000
C577	8	0.464286	0.057510	0.006379	0.000000	37	8.125000
C578	9	0.444444	0.057117	0.009950	0.000000	37	7.000000
C579	7	0.333333	0.055249	0.007378	0.000000	38	7.000000
C580	4	0.666667	0.055072	0.001424	0.000000	38	6.750000
C581	5	0.600000	0.054621	0.000399	0.000000	38	5.800000
C582	3	1.000000	0.054038	0.000000	0.000000	38	6.666667
C583	6	0.600000	0.056847	0.002860	0.000000	37	7.500000
C584	8	0.464286	0.056882	0.001580	0.000000	37	7.750000
C585	12	0.393939	0.059540	0.026732	0.000000	36	8.416667
C586	10	0.466667	0.061075	0.037657	0.000000	35	9.000000
C587	11	0.436364	0.061739	0.044706	0.000000	35	9.545455
C588	8	0.571429	0.063431	0.087079	0.000000	34	9.750000
C589	7	0.523810	0.064194	0.084484	0.000000	34	9.000000
C590	8	0.464286	0.066010	0.471091	0.000000	33	8.375000
C591	6	0.400000	0.066433	0.098812	0.000000	33	7.000000
C592	6	0.533333	0.068255	0.467703	0.000000	32	7.500000
C593	10	0.444444	0.070654	0.463710	0.000000	31	8.500000
C594	8	0.571429	0.069397	0.001494	0.000000	31	9.125000
C595	12	0.409091	0.070846	0.052086	0.000000	31	9.000000
C596	11	0.436364	0.071675	0.005425	0.000000	30	9.545455
C597	13	0.346154	0.072784	0.097273	0.000000	30	9.076923
C598	9	0.555556	0.072319	0.005043	0.000000	29	9.444445
C599	10	0.355556	0.072342	0.015704	0.000000	29	8.100000
C600	7	0.380952	0.069769	0.006624	0.000000	29	7.285714
C601	9	0.416667	0.068834	0.005218	0.000000	30	6.333333
C602	8	0.392857	0.067637	0.006765	0.000000	30	5.625000
C603	4	1.000000	0.064650	0.000000	0.000000	31	7.250000
C604	5	0.800000	0.066508	0.000293	0.000000	30	7.000000
C605	7	0.476190	0.066611	0.001202	0.000000	30	6.000000
C606	4	0.500000	0.066151	0.001816	0.000000	31	7.000000
C607	5	0.300000	0.067850	0.010712	0.000000	30	7.600000
C608	8	0.428571	0.070356	0.023361	0.000000	30	8.875000
C609	10	0.422222	0.070493	0.034326	0.000000	30	10.100000
C610	10	0.466667	0.071565	0.016908	0.000000	30	10.600000
C611	11	0.436364	0.069570	0.019791	0.000000	31	11.181818
C612	12	0.439394	0.069725	0.018987	0.000000	31	10.250000
C613	9	0.527778	0.071680	0.215711	0.000000	30	9.777778
C614	7	0.619048	0.070246	0.211556	0.000000	30	9.714286
C615	10	0.466667	0.068548	0.013810	0.000000	31	9.100000
C616	9	0.500000	0.068118	0.014295	0.000000	31	8.222222
C617	7	0.619048	0.068081	0.006514	0.000000	31	8.142858
C618	4	1.000000	0.064875	0.000000	0.000000	32	7.500000
C619	7	0.476190	0.066382	0.046963	0.000000	32	6.857143
C620	7	0.523810	0.065348	0.003875	0.000000	32	6.714286
C621	5	0.500000	0.062552	0.015913	0.000000	33	5.800000
C622	5	0.400000	0.064147	0.020111	0.000000	32	5.800000
C623	5	0.400000	0.061272	0.011069	0.000000	33	4.800000
C624	5	0.500000	0.061256	0.011510	0.000000	33	4.600000
C625	4	0.500000	0.057771	0.003413	0.000000	34	4.500000
C626	4	0.500000	0.057774	0.004315	0.000000	34	4.500000
C627	4	0.500000	0.054661	0.001445	0.000000	35	4.250000
C628	5	0.400000	0.054679	0.001387	0.000000	35	4.800000
C629	4	0.500000	0.051864	0.000015	0.000000	36	4.500000
C630	5	0.600000	0.053906	0.000642	0.000000	35	5.000000
C631	4	0.666667	0.053898	0.000635	0.000000	35	5.250000
C632	5	0.600000	0.056902	0.001885	0.000000	34	5.200000
C633	7	0.428571	0.056948	0.008903	0.000000	34	4.857143
C634	5	0.500000	0.057798	0.005752	0.000000	34	5.400000
C635	5	0.600000	0.059369	0.006328	0.000000	33	5.200000
C636	5	0.500000	0.059413	0.010385	0.000000	33	5.000000
C637	4	0.500000	0.061119	0.011938	0.000000	32	4.750000
C638	4	0.500000	0.062105	0.010192	0.000000	32	5.250000
C639	5	0.500000	0.065003	0.018892	0.000000	31	6.200000
C640	7	0.428571	0.066127	0.030227	0.000000	31	7.142857
C641	7	0.619048	0.066942	0.018670	0.000000	30	8.285714
C642	9	0.555556	0.068106	0.009433	0.000000	30	8.888889
C643	8	0.571429	0.068035	0.004035	0.000000	30	9.500000
C644	9	0.472222	0.069029	0.010610	0.000000	30	8.888889
C645	7	0.619048	0.067834	0.000421	0.000000	30	9.000000
C646	5	0.500000	0.069608	0.015508	0.000000	29	7.600000
C647	6	0.400000	0.070998	0.432948	0.000000	29	7.666667
C648	12	0.439394	0.070339	0.015656	0.000000	30	9.000000
C649	11	0.454545	0.068401	0.007354	0.000000	31	9.818182
C650	12	0.454545	0.070308	0.009238	0.000000	30	9.916667
C651	11	0.472727	0.069367	0.010966	0.000000	30	9.454545
C652	9	0.527778	0.069132	0.017294	0.000000	30	9.000000
C653	10	0.444444	0.071192	0.024872	0.000000	29	9.400000
C654	7	0.428571	0.068864	0.029085	0.000000	29	8.571428
C655	5	0.700000	0.068222	0.006815	0.000000	28	9.000000
C656	5	0.500000	0.066834	0.002225	0.000000	28	7.000000
C657	3	0.666667	0.066003	0.000188	0.000000	27	5.666667
C658	5	0.600000	0.067170	0.000435	0.000000	27	6.800000
C659	7	0.523810	0.069042	0.015515	0.000000	26	7.571429
C660	7	0.571429	0.070312	0.013829	0.000000	26	8.000000
C661	5	0.700000	0.070118	0.002446	0.000000	26	8.200000
C662	8	0.500000	0.072964	0.530588	0.000000	26	8.375000
C663	7	0.619048	0.070998	0.004315	0.000000	27	8.714286
C664	8	0.500000	0.072756	0.470572	0.000000	27	8.500000
C665	8	0.571429	0.072305	0.063610	0.000000	27	8.500000
C666	5	0.700000	0.070180	0.000464	0.000000	28	9.200000
C667	6	0.400000	0.070525	0.432444	0.000000	28	6.666667
C668	4	0.500000	0.069089	0.015162	0.000000	28	7.000000
C669	6	0.600000	0.070877	0.190663	0.000000	27	8.666667
C670	11	0.418182	0.071120	0.198550	0.000000	27	8.363636
C671	13	0.410256	0.071183	0.016907	0.000000	27	8.615385
C672	10	0.511111	0.069303	0.004258	0.000000	28	9.900000
C673	9	0.500000	0.069324	0.009422	0.000000	28	9.333333
C674	7	0.523810	0.067527	0.002323	0.000000	29	8.714286
C675	8	0.535714	0.067381	0.017975	0.000000	29	8.125000
C676	5	0.600000	0.063205	0.002490	0.000000	30	6.400000
C677	7	0.476190	0.063313	0.017558	0.000000	30	6.142857
C678	4	0.500000	0.059578	0.003813	0.000000	31	5.000000
C679	4	0.500000	0.059584	0.008861	0.000000	31	4.750000
C680	4	0.500000	0.056264	0.002660	0.000000	32	4.000000
C681	4	0.500000	0.056270	0.002656	0.000000	32	4.000000
C682	4	0.500000	0.053300	0.000028	0.000000	33	3.750000
C683	4	0.500000	0.053305	0.000034	0.000000	33	3.750000
C684	3	0.666667	0.053275	0.000011	0.000000	33	4.000000
C685	4	0.333333	0.056245	0.005833	0.000000	32	3.500000
C686	3	0.666667	0.059540	0.003159	0.000000	31	4.333333
C687	4	0.500000	0.059555	0.006342	0.000000	31	4.500000
C688	5	0.500000	0.063263	0.011831	0.000000	30	5.800000
C689	6	0.533333	0.063280	0.005046	0.000000	30	6.166667
C690	7	0.571429	0.063374	0.000230	0.000000	30	6.714286
C691	9	0.388889	0.067474	0.036991	0.000000	29	7.333333
C692	10	0.377778	0.069969	0.039161	0.000000	29	9.200000
C693	11	0.400000	0.070671	0.050790	0.000000	28	8.818182
C694	10	0.444444	0.069565	0.021306	0.000000	28	9.300000
C695	12	0.363636	0.069952	0.066663	0.000000	27	8.500000
C696	7	0.619048	0.071639	0.145207	0.000000	26	9.714286
C697	11	0.418182	0.071657	0.292429	0.000000	26	7.909091
C698	8	0.428571	0.072072	0.854602	0.000000	25	6.500000
C699	3	0.666667	0.070654	0.145058	0.000000	25	7.666667
C700	4	0.333333	0.071048	1.000000	0.000001	26	4.500000
C701	3	0.666667	0.068147	0.001867	0.000002	27	4.000000
C702	4	0.500000	0.070035	0.995629	0.000005	27	3.750000
C703	4	0.500000	0.067207	0.002480	0.000009	28	3.500000
C704	4	0.500000	0.069034	0.994215	0.000037	28	3.750000
C705	3	0.666667	0.066276	0.001224	0.000037	29	4.000000
C706	4	0.333333	0.068044	0.995373	0.000288	29	3.750000
C707	3	0.666667	0.065352	0.001130	0.000482	30	4.333333
C708	5	0.500000	0.067066	0.991916	0.002061	30	5.400000
C709	4	0.666667	0.064442	0.000728	0.002033	31	6.000000
C710	7	0.380952	0.064691	0.125744	0.004538	31	7.285714
C711	9	0.472222	0.065948	0.872875	0.011393	31	7.333333
C712	7	0.666667	0.063647	0.041467	0.015003	32	9.000000
C713	7	0.666667	0.064639	0.396437	0.020871	32	8.714286
C714	11	0.400000	0.062458	0.121496	0.045052	33	8.090909
C715	11	0.472727	0.061042	0.023705	0.073093	34	8.181818
C716	9	0.583333	0.060886	0.004746	0.054361	34	8.555555
C717	7	0.571429	0.058713	0.001829	0.064811	35	8.285714
C718	6	0.666667	0.059461	0.004895	0.120822	35	8.500000
C719	8	0.535714	0.060293	0.294378	0.207662	35	9.000000
C720	9	0.444444	0.058118	0.011575	0.272980	36	9.555555
C721	10	0.355556	0.058688	0.377290	0.398688	36	9.400000
C722	9	0.416667	0.056743	0.050061	0.498694	37	9.777778
C723	6	0.600000	0.056859	0.271250	0.397979	37	9.500000
C724	8	0.607143	0.054964	0.039797	0.595185	38	9.250000
C725	7	0.619048	0.055167	0.241602	0.551041	38	9.000000
C726	6	0.733333	0.053060	0.000277	0.514604	39	9.500000
C727	9	0.416667	0.053448	0.229196	0.798020	39	9.777778
C728	10	0.422222	0.051746	0.150436	0.817867	40	10.100000
C729	11	0.418182	0.051634	0.064684	0.934173	40	10.272727
C730	9	0.416667	0.050029	0.057827	0.638739	41	9.777778
C731	6	0.200000	0.048232	0.045377	0.198070	42	8.000000
C732	5	0.200000	0.046523	0.016530	0.046032	43	7.600000
C733	7	0.333333	0.046514	0.025564	0.076212	43	6.714286
C734	8	0.392857	0.044868	0.020560	0.072271	44	7.750000
C735	9	0.361111	0.043329	0.027032	0.068429	45	8.444445
C736	7	0.523810	0.041832	0.002314	0.031654	46	8.857142
C737	8	0.571429	0.041721	0.014414	0.024059	46	8.500000
C738	8	0.500000	0.040378	0.001852	0.020670	47	8.375000
C739	7	0.761905	0.040246	0.002758	0.013592	47	8.571428
C740	9	0.583333	0.040398	0.007244	0.017147	47	8.333333
C741	10	0.533333	0.040400	0.013789	0.019620	47	8.200000
C742	9	0.444444	0.040210	0.006215	0.021006	47	8.888889
C743	9	0.444444	0.038971	0.013273	0.011085	48	7.888889
C744	7	0.619048	0.038938	0.004834	0.009937	48	7.857143
C745	4	0.666667	0.037523	0.001006	0.003160	49	7.250000
C746	7	0.571429	0.037573	0.001612	0.004699	49	7.285714
C747	6	0.666667	0.036274	0.000053	0.002993	50	7.166667
C748	7	0.571429	0.037207	0.000508	0.003946	49	7.857143
C749	9	0.472222	0.037622	0.002674	0.006207	49	7.888889
C750	9	0.555556	0.037593	0.001630	0.005378	49	7.555555
C751	7	0.714286	0.037371	0.000249	0.003814	49	7.714286
C752	8	0.500000	0.038376	0.001735	0.005236	48	7.625000
C753	8	0.464286	0.038667	0.004471	0.006587	48	7.625000
C754	7	0.571429	0.038561	0.002026	0.004310	48	6.857143
C755	5	0.700000	0.038534	0.000194	0.003399	48	6.800000
C756	6	0.533333	0.039940	0.007201	0.007703	47	6.333333
C757	5	0.600000	0.039882	0.004378	0.007050	47	6.200000
C758	6	0.600000	0.041357	0.003222	0.020238	46	6.666667
C759	7	0.571429	0.041425	0.015045	0.028421	46	6.857143
C760	7	0.571429	0.041552	0.001344	0.038187	46	7.857143
C761	7	0.714286	0.042649	0.000647	0.045606	45	7.857143
C762	8	0.642857	0.042953	0.009833	0.056961	45	7.750000
C763	9	0.527778	0.043060	0.016545	0.082550	45	8.444445
C764	10	0.466667	0.043103	0.004608	0.092600	45	8.300000
C765	8	0.642857	0.044239	0.004196	0.095514	44	8.750000
C766	8	0.642857	0.044590	0.017628	0.114550	44	9.000000
C767	11	0.418182	0.044795	0.018987	0.155361	44	8.818182
C768	9	0.555556	0.044718	0.012645	0.152747	44	8.888889
C769	8	0.642857	0.045985	0.008621	0.167664	43	8.750000
C770	9	0.500000	0.046375	0.034784	0.237643	43	8.888889
C771	9	0.472222	0.046429	0.015493	0.204946	43	8.666667
C772	8	0.607143	0.046300	0.008445	0.251476	43	8.750000
C773	8	0.607143	0.047739	0.014235	0.311510	42	9.125000
C774	10	0.444444	0.048191	0.048276	0.437679	42	8.800000
C775	9	0.444444	0.047741	0.003156	0.372569	42	8.444445
C776	8	0.642857	0.047898	0.005587	0.400682	42	9.125000
C777	12	0.378788	0.049610	0.024310	0.758372	41	9.333333
C778	10	0.488889	0.049676	0.010393	0.603666	41	9.300000
C779	8	0.642857	0.047849	0.001518	0.434097	42	9.000000
C780	8	0.571429	0.049573	0.008222	0.472066	41	9.125000
C781	10	0.422222	0.049630	0.008754	0.637588	41	9.100000
C782	8	0.464286	0.047986	0.005415	0.400206	42	8.500000
C783	7	0.476190	0.047759	0.002270	0.299969	42	7.571429
C784	5	0.500000	0.047518	0.001297	0.161544	42	6.800000
C785	5	0.500000	0.047249	0.000964	0.080049	42	5.200000
C786	4	0.666667	0.047156	0.000276	0.050314	42	5.000000
C787	4	0.666667	0.047192	0.000306	0.063589	42	5.500000
C788	6	0.466667	0.048810	0.006030	0.152077	41	6.333333
C789	7	0.523810	0.049039	0.003918	0.295459	41	8.428572
C790	6	0.600000	0.049026	0.000912	0.229921	41	8.166667
C791	8	0.357143	0.049207	0.006117	0.284923	41	7.750000
C792	5	0.500000	0.048567	0.001108	0.065670	41	5.600000
C793	4	0.666667	0.048556	0.000616	0.042879	41	5.750000
C794	4	0.666667	0.049536	0.000860	0.015973	40	5.000000
C795	6	0.333333	0.050027	0.006248	0.023123	40	5.000000
C796	5	0.500000	0.051212	0.004406	0.013489	39	5.200000
C797	6	0.400000	0.051871	0.009091	0.039788	39	6.166667
C798	4	0.833333	0.051170	0.000021	0.014277	39	6.000000
C799	6	0.466667	0.053033	0.009291	0.029426	38	6.166667
C800	7	0.380952	0.053496	0.022647	0.047046	38	6.714286
C801	5	0.400000	0.053356	0.018032	0.033016	38	7.000000
C802	6	0.533333	0.051888	0.022213	0.034714	39	6.833333
C803	6	0.466667	0.051866	0.009270	0.032343	39	6.666667
C804	8	0.535714	0.050460	0.010435	0.063964	40	7.250000
C805	7	0.619048	0.050450	0.004357	0.061501	40	7.571429
C806	8	0.464286	0.050587	0.012748	0.077615	40	7.250000
C807	8	0.392857	0.048755	0.005474	0.061176	41	6.500000
C808	6	0.466667	0.048272	0.009590	0.024846	41	6.166667
C809	4	0.666667	0.046506	0.000169	0.010812	42	5.750000
C810	4	0.666667	0.046060	0.001092	0.005105	42	4.500000
C811	5	0.500000	0.046483	0.001213	0.007134	42	4.200000
C812	3	0.666667	0.044895	0.000097	0.003599	43	4.333333
C813	4	0.333333	0.046929	0.002538	0.020473	42	4.500000
C814	3	0.666667	0.046992	0.000025	0.025473	42	6.333333
C815	7	0.285714	0.049218	0.010014	0.149855	41	7.714286
C816	9	0.472222	0.049248	0.005397	0.141904	41	8.000000
C817	8	0.500000	0.049196	0.003597	0.147213	41	8.375000
C818	7	0.571429	0.050939	0.009237	0.153200	40	9.000000
C819	11	0.400000	0.051435	0.019583	0.394776	40	8.727273
C820	8	0.642857	0.049361	0.003080	0.180340	41	8.750000
C821	10	0.422222	0.051072	0.023478	0.192344	40	8.200000
C822	8	0.607143	0.049564	0.001298	0.225928	41	8.750000
C823	10	0.466667	0.049765	0.054479	0.256590	41	8.300000
C824	7	0.666667	0.049337	0.007318	0.126989	41	8.428572
C825	7	0.523810	0.049315	0.011429	0.113659	41	8.285714
C826	7	0.380952	0.048025	0.018693	0.107766	42	7.857143
C827	9	0.361111	0.047916	0.058272	0.077461	42	7.111111
C828	7	0.523810	0.046300	0.020339	0.029936	43	7.428571
C829	7	0.523810	0.046270	0.011340	0.020150	43	7.428571
C830	8	0.500000	0.046009	0.005421	0.020267	43	6.625000
C831	6	0.666667	0.044018	0.001228	0.007054	44	6.166667
C832	5	0.800000	0.045765	0.002661	0.014121	43	7.200000
C833	6	0.666667	0.045778	0.022518	0.014498	43	6.833333
C834	7	0.523810	0.044264	0.004004	0.009051	44	6.142857
C835	6	0.533333	0.044020	0.017292	0.003802	44	5.500000
C836	5	0.600000	0.042416	0.000659	0.002365	45	5.600000
C837	4	0.666667	0.042186	0.002824	0.000788	45	5.000000
C838	5	0.500000	0.042193	0.007401	0.000801	45	4.600000
C839	4	0.500000	0.040502	0.002099	0.000195	46	4.250000
C840	4	0.500000	0.040642	0.001374	0.000125	46	4.250000
C841	4	0.500000	0.039291	0.000134	0.000057	47	4.000000
C842	4	0.500000	0.039556	0.000738	0.000083	47	4.000000
C843	4	0.500000	0.039548	0.000481	0.000115	47	3.750000
C844	4	0.500000	0.041157	0.006210	0.000455	46	3.750000
C845	3	0.666667	0.041149	0.002070	0.000447	46	4.000000
C846	4	0.333333	0.042894	0.015631	0.003491	45	5.250000
C847	6	0.600000	0.044558	0.007642	0.011921	44	6.833333
C848	8	0.285714	0.044779	0.018464	0.018900	44	6.000000
C849	7	0.428571	0.044670	0.008146	0.015592	44	7.000000
C850	6	0.400000	0.044432	0.009501	0.010781	44	6.833333
C851	5	0.400000	0.043095	0.002252	0.006994	45	6.600000
C852	5	0.600000	0.042805	0.001703	0.005035	45	5.800000
C853	6	0.466667	0.042976	0.002336	0.008443	45	6.166667
C854	7	0.523810	0.041747	0.000927	0.012709	46	7.142857
C855	5	0.600000	0.041425	0.000240	0.006827	46	7.000000
C856	7	0.428571	0.041523	0.002665	0.013273	46	8.142858
C857	10	0.466667	0.041804	0.011955	0.022589	46	7.800000
C858	8	0.535714	0.041861	0.008901	0.024946	46	8.375000
C859	9	0.361111	0.043364	0.028641	0.034383	45	7.444445
C860	6	0.466667	0.044814	0.013749	0.033865	44	7.833333
C861	6	0.466667	0.044904	0.018417	0.037574	44	6.666667
C862	3	0.666667	0.044616	0.000123	0.024871	44	6.000000
C863	7	0.333333	0.046458	0.020091	0.099870	43	6.142857
C864	5	0.500000	0.046193	0.001797	0.088591	43	6.400000
C865	6	0.600000	0.047972	0.011979	0.142299	42	7.166667
C866	7	0.571429	0.047974	0.013293	0.165510	42	6.857143
C867	6	0.800000	0.049300	0.001397	0.203418	41	8.000000
C868	6	0.800000	0.049337	0.001022	0.234154	41	8.333333
C869	7	0.714286	0.049339	0.002053	0.248260	41	7.857143
C870	11	0.418182	0.049780	0.028083	0.487579	41	8.000000
C871	11	0.381818	0.051256	0.019781	0.570880	40	8.454545
C872	8	0.607143	0.049385	0.001829	0.452369	41	9.500000
C873	9	0.472222	0.049566	0.009458	0.540601	41	9.555555
C874	11	0.454545	0.051511	0.024273	0.780487	40	9.818182
C875	9	0.555556	0.051116	0.003602	0.586451	40	9.888889
C876	12	0.424242	0.051142	0.014764	0.662760	40	8.833333
C877	9	0.555556	0.051320	0.006917	0.672335	40	10.444445
C878	10	0.466667	0.053232	0.029013	0.736714	39	10.100000
C879	11	0.472727	0.051102	0.011225	0.628655	40	9.272727
C880	12	0.409091	0.051053	0.011502	0.663236	40	9.666667
C881	10	0.444444	0.052808	0.005642	0.632932	39	10.000000
C882	9	0.527778	0.052890	0.025666	0.495367	39	10.333333
C883	10	0.444444	0.052420	0.004079	0.453176	39	9.000000
C884	12	0.424242	0.050505	0.003402	0.485243	40	8.666667
C885	8	0.500000	0.052368	0.015224	0.393343	39	10.125000
C886	7	0.428571	0.050569	0.002237	0.291043	40	9.000000
C887	10	0.511111	0.050018	0.006447	0.279328	40	7.500000
C888	10	0.511111	0.048708	0.001633	0.306082	41	7.900000
C889	6	0.600000	0.050276	0.002306	0.183971	40	7.833333
C890	5	0.900000	0.048234	0.000034	0.116325	41	7.600000
C891	6	0.800000	0.048238	0.000042	0.142642	41	7.500000
C892	6	0.800000	0.048062	0.000010	0.145150	41	7.666667
C893	8	0.571429	0.048624	0.000929	0.265484	41	8.500000
C894	7	0.619048	0.049860	0.002601	0.209279	40	8.428572
C895	5	0.700000	0.049906	0.000473	0.181783	40	9.000000
C896	8	0.464286	0.051842	0.010411	0.238880	39	8.500000
C897	6	0.733333	0.051811	0.000095	0.164834	39	8.666667
C898	9	0.444444	0.054264	0.015524	0.234235	38	8.000000
C899	6	0.800000	0.053527	0.000561	0.129322	38	8.666667
C900	8	0.642857	0.053550	0.005556	0.168003	38	8.250000
C901	11	0.418182	0.054295	0.048293	0.274411	38	8.090909
C902	8	0.642857	0.055696	0.021019	0.164969	37	9.125000
C903	10	0.466667	0.055694	0.024126	0.168841	37	8.800000
C904	8	0.642857	0.055638	0.012831	0.151337	37	9.250000
C905	9	0.527778	0.056104	0.017317	0.184743	37	9.000000
C906	12	0.439394	0.058133	0.083002	0.188364	36	8.000000
C907	10	0.555556	0.057406	0.021815	0.133096	36	8.100000
C908	6	0.800000	0.055181	0.000038	0.092935	37	8.666667
C909	7	0.571429	0.057649	0.007585	0.112426	36	8.285714
C910	6	0.800000	0.057155	0.000650	0.074638	36	8.333333
C911	8	0.464286	0.059517	0.144628	0.081512	35	8.125000
C912	7	0.571429	0.057187	0.005807	0.069982	36	8.142858
C913	8	0.500000	0.057457	0.019084	0.084810	36	8.500000
C914	6	0.666667	0.054496	0.002130	0.034124	37	7.000000
C915	7	0.619048	0.054613	0.003315	0.039460	37	7.000000
C916	8	0.535714	0.055031	0.004530	0.055385	37	7.375000
C917	6	0.800000	0.052486	0.000092	0.030241	38	7.166667
C918	6	0.800000	0.052486	0.000092	0.030241	38	7.166667
C919	8	0.535714	0.053028	0.001367	0.053830	38	7.125000
C920	8	0.535714	0.053101	0.002145	0.061796	38	7.500000
C921	6	0.800000	0.052790	0.000073	0.062286	38	8.333333
C922	7	0.714286	0.055064	0.001204	0.080696	37	8.428572
C923	9	0.555556	0.055377	0.006524	0.129111	37	8.444445
C924	10	0.444444	0.055372	0.025921	0.119812	37	8.100000
C925	8	0.642857	0.055172	0.000728	0.120817	37	8.750000
C926	10	0.466667	0.057980	0.102157	0.185724	36	8.900000
C927	10	0.488889	0.055952	0.008517	0.215433	37	9.300000
C928	10	0.444444	0.055810	0.036144	0.156528	37	8.500000
C929	8	0.642857	0.055644	0.005031	0.148407	37	9.125000
C930	10	0.466667	0.056389	0.076367	0.236429	37	9.000000
C931	9	0.527778	0.054345	0.011894	0.189381	38	8.888889
C932	8	0.642857	0.053981	0.005976	0.126472	38	8.750000
C933	8	0.642857	0.053895	0.008218	0.117949	38	8.500000
C934	8	0.642857	0.054258	0.059347	0.111413	38	8.625000
C935	9	0.500000	0.052530	0.014871	0.109792	39	8.000000
C936	8	0.642857	0.052134	0.002820	0.079493	39	7.750000
C937	8	0.642857	0.052054	0.004964	0.070546	39	7.500000
C938	9	0.472222	0.052656	0.055071	0.082467	39	7.555555
C939	7	0.619048	0.050624	0.001068	0.066877	40	7.857143
C940	5	0.900000	0.050103	0.000006	0.036927	40	7.600000
C941	6	0.533333	0.050444	0.003037	0.036213	40	6.833333
C942	7	0.380952	0.050877	0.029763	0.045864	40	6.571429
C943	5	0.700000	0.048819	0.000627	0.026423	41	6.400000
C944	4	1.000000	0.048802	0.000000	0.022833	41	6.750000
C945	7	0.571429	0.049300	0.004590	0.063357	41	7.000000
C946	8	0.535714	0.049328	0.012088	0.071868	41	7.000000
C947	6	0.800000	0.047737	0.000233	0.072709	42	8.500000
C948	10	0.377778	0.049758	0.100705	0.238648	41	7.900000
C949	9	0.500000	0.047921	0.007906	0.097449	42	7.888889
C950	8	0.642857	0.047839	0.009553	0.085856	42	8.250000
C951	9	0.500000	0.047947	0.016874	0.103608	42	8.000000
C952	8	0.642857	0.047919	0.070214	0.081031	42	8.875000
C953	8	0.642857	0.046187	0.007433	0.060788	43	8.625000
C954	8	0.642857	0.046149	0.008802	0.054164	43	8.500000
C955	9	0.500000	0.046228	0.023117	0.052886	43	8.000000
C956	10	0.422222	0.046186	0.056711	0.043017	43	7.900000
C957	8	0.642857	0.044529	0.007151	0.034431	44	8.500000
C958	8	0.642857	0.044504	0.007311	0.030632	44	8.500000
C959	8	0.642857	0.044506	0.025537	0.026928	44	8.500000
C960	9	0.500000	0.044462	0.033189	0.023714	44	7.777778
C961	8	0.642857	0.042932	0.006383	0.020786	45	8.125000
C962	8	0.571429	0.042940	0.005335	0.022460	45	8.375000
C963	8	0.500000	0.042899	0.029489	0.016793	45	7.875000
C964	7	0.619048	0.042797	0.020692	0.013476	45	7.857143
C965	9	0.416667	0.041616	0.007732	0.020475	46	7.888889
C966	7	0.476190	0.041359	0.028873	0.011505	46	7.714286
C967	6	0.600000	0.041237	0.011465	0.006734	46	7.333333
C968	6	0.533333	0.040030	0.000859	0.006100	47	7.166667
C969	8	0.357143	0.039780	0.003128	0.005566	47	6.375000
C970	6	0.400000	0.039872	0.008318	0.007076	47	7.000000
C971	3	1.000000	0.038422	0.000000	0.001727	48	6.666667
C972	6	0.333333	0.038465	0.002596	0.003052	48	6.000000
C973	3	0.666667	0.037103	0.000018	0.000922	49	8.000000
C974	7	0.380952	0.038342	0.005850	0.002251	48	7.000000
C975	7	0.380952	0.039802	0.030778	0.004078	47	6.714286
C976	6	0.666667	0.038343	0.005794	0.001777	48	7.666667
C977	7	0.476190	0.038400	0.011981	0.003129	48	8.285714
C978	6	0.800000	0.037000	0.000747	0.001625	49	8.000000
C979	8	0.607143	0.037008	0.002661	0.001989	49	7.250000
C980	11	0.418182	0.037019	0.003346	0.003074	49	7.000000
C981	10	0.488889	0.037013	0.001789	0.003218	49	7.500000
C982	6	0.800000	0.035707	0.000004	0.001582	50	8.000000
C983	5	0.900000	0.035706	0.000001	0.001421	50	8.600000
C984	8	0.571429	0.035945	0.000205	0.003054	50	8.000000
C985	6	0.800000	0.035938	0.000009	0.002826	50	8.333333
C986	7	0.714286	0.036922	0.000084	0.003573	49	8.285714
C987	6	0.800000	0.037037	0.000140	0.003776	49	8.166667
C988	8	0.642857	0.037141	0.001379	0.005089	49	8.000000
C989	11	0.472727	0.037219	0.006196	0.006969	49	8.363636
C990	9	0.500000	0.038263	0.005619	0.007536	48	8.333333
C991	8	0.642857	0.038429	0.004461	0.008326	48	8.750000
C992	9	0.500000	0.038537	0.006258	0.010194	48	8.777778
C993	10	0.400000	0.038615	0.010490	0.012673	48	9.000000
C994	9	0.500000	0.039721	0.014069	0.013944	47	8.888889
C995	8	0.642857	0.039896	0.009154	0.015483	47	9.125000
C996	10	0.444444	0.040009	0.011500	0.019569	47	8.800000
C997	10	0.444444	0.040076	0.015547	0.023820	47	9.100000
C998	8	0.642857	0.041184	0.018631	0.023889	46	9.250000
C999	9	0.527778	0.041400	0.025806	0.028294	46	8.888889
C1000	11	0.400000	0.041558	0.020058	0.036906	46	8.818182
C1001	9	0.555556	0.041497	0.014431	0.038127	46	9.000000
C1002	8	0.642857	0.042763	0.027355	0.040957	45	8.875000
C1003	10	0.444444	0.043016	0.034345	0.051316	45	8.600000
C1004	8	0.642857	0.042979	0.019655	0.056450	45	9.000000
C1005	8	0.642857	0.042968	0.010702	0.063865	45	8.625000
C1006	8	0.642857	0.044367	0.039092	0.073373	44	8.500000
C1007	8	0.642857	0.044489	0.033518	0.085454	44	8.500000
C1008	10	0.422222	0.044614	0.029124	0.123025	44	8.400000
C1009	8	0.642857	0.044432	0.007012	0.111711	44	8.125000
C1010	8	0.642857	0.046003	0.055131	0.134043	43	8.125000
C1011	8	0.642857	0.046144	0.035824	0.162830	43	8.250000
C1012	8	0.642857	0.046115	0.020684	0.192424	43	8.250000
C1013	7	0.714286	0.045996	0.003841	0.180229	43	8.142858
C1014	8	0.607143	0.047743	0.078710	0.289146	42	8.250000
C1015	9	0.472222	0.047953	0.042414	0.363787	42	8.333333
C1016	8	0.607143	0.047861	0.016251	0.383997	42	8.375000
C1017	7	0.714286	0.049398	0.024439	0.437179	41	9.142858
C1018	11	0.454545	0.049731	0.095116	0.773296	41	9.272727
C1019	9	0.527778	0.049634	0.018389	0.649387	41	9.555555
C1020	8	0.642857	0.049531	0.008605	0.604350	41	9.250000
C1021	11	0.490909	0.051409	0.066646	0.909164	40	9.454545
C1022	12	0.439394	0.049791	0.005757	1.000000	41	9.916667
C1023	8	0.642857	0.049674	0.010783	0.671545	41	9.625000
C1024	8	0.642857	0.051221	0.007422	0.667819	40	9.500000
C1025	11	0.436364	0.051456	0.010691	0.908932	40	9.454545
C1026	10	0.466667	0.051336	0.018406	0.755603	40	9.100000
C1027	8	0.642857	0.051322	0.014399	0.607809	40	9.125000
C1028	8	0.642857	0.053045	0.014873	0.611801	39	9.625000
C1029	9	0.611111	0.053113	0.014463	0.666941	39	9.666667
C1030	9	0.638889	0.053048	0.009080	0.622493	39	9.333333
C1031	10	0.555556	0.053086	0.019475	0.618692	39	8.800000
C1032	12	0.393939	0.054953	0.030863	0.711817	38	8.500000
C1033	10	0.422222	0.055067	0.019669	0.687555	38	9.300000
C1034	9	0.472222	0.052818	0.008092	0.536524	39	9.000000
C1035	8	0.571429	0.052908	0.003773	0.460535	39	9.000000
C1036	8	0.464286	0.054600	0.024606	0.403288	38	8.875000
C1037	7	0.476190	0.054382	0.006460	0.313973	38	8.428572
C1038	5	0.500000	0.053769	0.003662	0.140272	38	7.000000
C1039	5	0.500000	0.051615	0.000197	0.069862	39	5.400000
C1040	4	0.666667	0.051177	0.000007	0.038739	39	5.250000
C1041	6	0.466667	0.053565	0.001115	0.076719	38	5.000000
C1042	5	0.600000	0.053522	0.000546	0.065207	38	5.400000
C1043	6	0.266667	0.054592	0.002354	0.243319	38	8.666667
C1044	6	0.400000	0.056208	0.005464	0.163971	37	6.666667
C1045	4	0.500000	0.055567	0.002371	0.116129	37	8.000000
C1046	7	0.523810	0.057833	0.010780	0.244157	36	8.714286
C1047	7	0.571429	0.058055	0.003984	0.266452	36	9.571428
C1048	11	0.345455	0.056409	0.021542	0.448946	37	8.181818
C1049	9	0.388889	0.056629	0.045613	0.392581	37	9.777778
C1050	9	0.444444	0.056864	0.050416	0.578308	37	10.333333
C1051	9	0.472222	0.055094	0.009502	0.725627	38	10.222222
C1052	8	0.464286	0.055151	0.039676	0.694694	38	10.375000
C1053	10	0.422222	0.053573	0.028401	0.878408	39	10.100000
C1054	10	0.422222	0.053458	0.040618	0.812062	39	10.300000
C1055	9	0.444444	0.051744	0.015552	0.692977	40	10.666667
C1056	10	0.400000	0.051799	0.067225	0.635353	40	9.400000
C1057	6	0.400000	0.049838	0.011495	0.277303	41	9.166667
C1058	8	0.428571	0.050018	0.032915	0.497809	41	9.000000
C1059	10	0.444444	0.051849	0.070236	0.783987	40	9.400000
C1060	10	0.466667	0.053630	0.065429	0.859013	39	9.700000
C1061	12	0.439394	0.053630	0.125865	0.973700	39	9.250000
C1062	11	0.490909	0.055341	0.084782	0.899814	38	9.363636
C1063	11	0.472727	0.055290	0.083949	0.828611	38	9.181818
C1064	12	0.333333	0.057067	0.142191	0.744651	37	8.750000
C1065	9	0.472222	0.056913	0.045823	0.570708	37	10.333333
C1066	13	0.371795	0.058796	0.217727	0.570546	36	8.923077
C1067	10	0.488889	0.058288	0.028207	0.356458	36	9.200000
C1068	10	0.488889	0.060374	0.420787	0.296424	35	8.700000
C1069	8	0.464286	0.059711	0.036431	0.141088	35	8.500000
C1070	9	0.500000	0.061790	0.714137	0.115073	34	8.111111
C1071	6	0.800000	0.060744	0.001340	0.042623	34	8.666667
C1072	8	0.607143	0.063173	0.709467	0.044912	33	8.625000
C1073	8	0.571429	0.062226	0.012898	0.035114	33	8.750000
C1074	8	0.607143	0.064643	0.399955	0.021975	32	8.625000
C1075	10	0.466667	0.063579	0.016968	0.016232	32	8.100000
C1076	9	0.500000	0.063524	0.018775	0.011132	32	8.222222
C1077	9	0.444444	0.062566	0.025663	0.009694	32	8.444445
C1078	8	0.357143	0.062122	0.065505	0.003453	32	7.375000
C1079	5	0.600000	0.058657	0.008116	0.001459	33	8.800000
C1080	9	0.444444	0.059855	0.040262	0.002967	33	9.777778
C1081	10	0.422222	0.056643	0.005413	0.002380	34	8.900000
C1082	12	0.378788	0.056646	0.008894	0.002295	34	8.000000
C1083	6	0.533333	0.053694	0.000080	0.000822	35	7.000000
C1084	4	0.833333	0.053627	0.000002	0.000671	35	8.500000
C1085	7	0.619048	0.053655	0.000041	0.001170	35	8.285714
C1086	9	0.527778	0.054666	0.001364	0.001808	35	8.333333
C1087	12	0.454545	0.056617	0.007456	0.002822	34	8.666667
C1088	11	0.490909	0.057726	0.010994	0.003612	34	9.636364
C1089	11	0.454545	0.057723	0.014393	0.003711	34	8.818182
C1090	10	0.377778	0.058839	0.032502	0.005579	34	8.300000
C1091	7	0.523810	0.056735	0.004639	0.003641	35	8.285714
C1092	3	1.000000	0.056634	0.000000	0.002306	35	8.333333
C1093	8	0.428571	0.057795	0.022256	0.011738	35	8.000000
C1094	8	0.464286	0.059948	0.021387	0.012972	34	8.750000
C1095	7	0.476190	0.061015	0.018118	0.008361	33	9.428572
C1096	9	0.416667	0.060976	0.018226	0.010038	33	8.777778
C1097	10	0.422222	0.060247	0.014424	0.007950	33	7.200000
C1098	5	0.600000	0.059909	0.002713	0.004348	33	7.600000
C1099	4	0.833333	0.056835	0.000001	0.001918	34	6.250000
C1100	5	0.700000	0.056838	0.000004	0.002280	34	5.800000
C1101	5	0.700000	0.057575	0.000215	0.002851	34	7.000000
C1102	5	0.700000	0.057581	0.000145	0.003656	34	8.000000
C1103	11	0.381818	0.058839	0.018887	0.010106	34	7.818182
C1104	10	0.466667	0.058836	0.015891	0.011122	34	8.300000
C1105	11	0.400000	0.059903	0.016226	0.018601	34	7.818182
C1106	8	0.428571	0.058743	0.053416	0.029591	35	8.250000
C1107	7	0.523810	0.060257	0.005343	0.022863	34	8.857142
C1108	7	0.428571	0.061219	0.112214	0.047881	34	8.857142
C1109	9	0.444444	0.060176	0.003770	0.041950	34	8.111111
C1110	8	0.428571	0.060212	0.010255	0.031412	34	8.875000
C1111	5	0.600000	0.057085	0.001516	0.012177	35	8.400000
C1112	7	0.619048	0.057090	0.005976	0.010648	35	8.285714
C1113	7	0.666667	0.056763	0.003757	0.008056	35	8.428572
C1114	6	0.666667	0.056132	0.005899	0.005297	35	9.000000
C1115	9	0.361111	0.055841	0.024251	0.005260	35	8.555555
C1116	10	0.466667	0.053369	0.005064	0.002949	36	7.600000
C1117	9	0.472222	0.052933	0.000903	0.002197	36	7.777778
C1118	5	0.800000	0.052908	0.000282	0.001439	36	8.800000
C1119	7	0.523810	0.055716	0.002083	0.002760	35	8.714286
C1120	11	0.418182	0.055774	0.005869	0.004021	35	8.636364
C1121	8	0.571429	0.055732	0.002720	0.002974	35	9.125000
C1122	8	0.607143	0.054701	0.000694	0.002422	35	9.250000
C1123	6	0.733333	0.054650	0.000371	0.001845	35	9.333333
C1124	6	0.666667	0.053660	0.000038	0.001223	35	8.333333
C1125	6	0.666667	0.053617	0.000188	0.000950	35	7.833333
C1126	9	0.444444	0.055506	0.003991	0.001266	34	7.333333
C1127	4	0.666667	0.054789	0.000769	0.000342	34	6.250000
C1128	4	0.666667	0.054789	0.000014	0.000292	34	5.750000
C1129	6	0.466667	0.057857	0.011277	0.000602	33	6.166667
C1130	4	0.666667	0.057824	0.001687	0.000443	33	6.500000
C1131	7	0.428571	0.061266	0.038138	0.001472	32	6.428571
C1132	9	0.388889	0.058685	0.005674	0.001657	33	6.777778
C1133	6	0.533333	0.058673	0.019004	0.001230	33	7.833333
C1134	6	0.600000	0.055569	0.001363	0.001051	34	8.333333
C1135	7	0.523810	0.055663	0.012144	0.001168	34	7.571429
C1136	6	0.466667	0.053813	0.004613	0.001118	35	8.333333
C1137	7	0.476190	0.054803	0.008649	0.001722	35	8.000000
C1138	8	0.500000	0.053033	0.021802	0.001775	36	7.875000
C1139	7	0.619048	0.052376	0.004584	0.001179	36	7.857143
C1140	7	0.571429	0.050741	0.000977	0.001151	37	7.571429
C1141	6	0.600000	0.049798	0.000679	0.000366	37	6.333333
C1142	8	0.500000	0.050398	0.017886	0.000553	37	6.125000
C1143	5	0.900000	0.047992	0.000001	0.000146	38	6.000000
C1144	5	0.900000	0.047992	0.000001	0.000146	38	6.000000
C1145	6	0.666667	0.047995	0.001912	0.000149	38	5.166667
C1146	5	0.700000	0.047992	0.001805	0.000112	38	5.200000
C1147	2	1.000000	0.045800	0.000000	0.000029	39	5.500000
